1944
75 14 
66 17 
73 19 
71 22 
66 24 
73 27 
75 29 
66 32 
76 33 
75 34 
73 36 
56 39 
73 42 
58 42 
75 44 
59 44 
61 46 
66 47 
73 49 
61 49 
71 51 
66 54 
61 56 
73 56 
75 59 
63 59 
54 59 
66 61 
76 63 
75 64 
73 66 
66 66 
64 66 
64 71 
73 71 
54 73 
59 74 
47 74 
75 74 
66 74 
66 76 
61 79 
66 81 
59 81 
54 81 
71 81 
61 81 
59 84 
66 85 
59 85 
61 86 
59 88 
47 88 
75 89 
66 91 
76 92 
75 94 
64 94 
59 94 
66 96 
59 96 
54 96 
73 96 
71 96 
59 98 
59 100 
66 100 
61 101 
47 102 
59 103 
75 103 
47 103 
66 106 
59 106 
61 108 
59 108 
71 111 
54 111 
51 113 
66 114 
61 116 
75 118 
52 118 
66 121 
64 123 
47 123 
75 124 
73 126 
66 126 
54 126 
42 126 
71 126 
59 131 
61 132 
59 133 
54 133 
63 133 
47 134 
63 136 
54 137 
61 138 
42 139 
42 140 
59 141 
64 141 
54 141 
47 143 
63 144 
61 145 
61 148 
59 148 
52 148 
40 149 
61 150 
59 153 
59 155 
42 155 
64 155 
63 158 
52 158 
40 158 
61 160 
59 160 
61 163 
47 163 
54 165 
59 168 
61 169 
42 169 
42 170 
59 170 
63 171 
47 173 
54 175 
47 178 
54 180 
47 182 
59 182 
57 185 
54 185 
42 185 
63 186 
54 188 
47 188 
71 190 
40 192 
64 192 
59 193 
70 193 
52 193 
59 195 
64 196 
71 197 
64 200 
59 200 
70 201 
40 202 
52 202 
59 205 
52 205 
66 207 
42 207 
42 208 
61 210 
42 210 
66 210 
58 212 
61 215 
66 215 
54 217 
42 217 
58 217 
54 218 
42 219 
64 220 
58 220 
64 222 
59 222 
47 223 
54 225 
59 226 
63 227 
59 230 
54 230 
59 232 
47 232 
54 235 
59 237 
47 237 
64 237 
54 237 
63 239 
54 241 
61 242 
42 243 
57 244 
42 244 
66 245 
63 245 
47 247 
61 249 
66 249 
42 250 
52 252 
59 252 
40 253 
59 257 
58 259 
54 259 
42 259 
49 259 
54 262 
42 262 
49 263 
42 263 
59 264 
54 264 
42 265 
61 267 
59 267 
44 267 
59 269 
54 272 
59 273 
54 274 
59 274 
66 277 
44 277 
54 277 
59 279 
40 281 
64 282 
52 282 
59 284 
61 285 
63 287 
42 289 
61 289 
58 289 
54 289 
66 290 
42 291 
42 293 
59 294 
54 294 
42 294 
42 295 
59 296 
54 296 
47 296 
54 299 
61 301 
47 303 
59 304 
47 304 
73 304 
59 309 
59 311 
47 311 
63 311 
63 314 
54 315 
61 316 
42 317 
54 319 
42 319 
64 319 
47 321 
63 322 
54 323 
42 323 
61 324 
47 324 
59 326 
40 326 
52 326 
61 326 
61 329 
40 330 
52 330 
40 331 
59 331 
64 334 
59 334 
40 335 
52 336 
40 336 
61 338 
59 338 
61 341 
59 341 
47 341 
54 343 
59 346 
61 347 
66 348 
47 351 
54 352 
59 353 
47 353 
54 353 
47 356 
54 358 
64 361 
57 363 
54 363 
66 363 
42 364 
63 364 
66 366 
47 366 
42 367 
57 368 
71 368 
47 369 
59 371 
52 371 
59 373 
64 374 
71 376 
64 378 
59 378 
70 378 
52 381 
40 381 
59 383 
52 383 
64 383 
42 385 
54 385 
64 386 
42 387 
59 387 
66 388 
61 388 
42 388 
58 390 
61 393 
58 393 
54 393 
66 393 
42 393 
42 395 
42 396 
54 397 
64 398 
42 399 
59 400 
54 400 
64 400 
47 400 
63 403 
54 404 
63 405 
59 405 
47 408 
63 408 
59 408 
54 408 
47 410 
59 413 
47 413 
59 415 
47 415 
54 415 
64 415 
63 418 
54 419 
57 420 
42 421 
42 423 
63 423 
47 425 
54 426 
57 428 
66 428 
63 428 
54 428 
52 430 
40 430 
59 430 
59 435 
58 437 
54 438 
61 439 
54 440 
42 440 
54 442 
42 443 
59 445 
44 445 
61 445 
54 445 
59 447 
59 451 
54 452 
59 452 
42 453 
61 455 
54 455 
44 455 
66 455 
66 457 
59 457 
54 457 
59 459 
40 460 
64 460 
52 460 
59 465 
40 465 
58 467 
61 467 
54 467 
42 467 
42 469 
59 470 
54 470 
61 472 
58 472 
54 472 
42 473 
54 475 
47 475 
59 476 
54 477 
59 478 
64 479 
47 482 
54 482 
63 482 
57 482 
66 482 
47 484 
54 487 
59 489 
52 489 
40 489 
64 489 
56 490 
66 492 
66 494 
59 494 
56 494 
64 497 
52 497 
40 497 
64 499 
56 499 
52 499 
64 502 
56 502 
59 502 
58 504 
63 504 
52 504 
61 507 
58 509 
61 509 
52 510 
58 512 
61 512 
52 512 
70 514 
78 517 
58 517 
58 519 
61 519 
51 519 
66 519 
64 522 
64 523 
58 523 
64 524 
54 524 
64 526 
51 526 
58 527 
54 527 
63 528 
61 531 
44 534 
61 534 
59 537 
54 539 
58 540 
61 540 
59 541 
44 541 
54 541 
52 544 
51 546 
64 549 
59 549 
52 549 
68 549 
40 549 
56 550 
66 551 
59 553 
66 554 
59 556 
52 556 
40 556 
64 559 
56 559 
52 559 
64 561 
59 561 
56 561 
52 561 
63 564 
52 564 
58 564 
61 566 
61 569 
58 571 
52 571 
61 571 
58 573 
63 576 
54 578 
58 578 
51 578 
64 579 
54 583 
63 585 
51 585 
63 586 
51 586 
54 586 
58 588 
61 588 
63 591 
51 591 
65 593 
73 593 
61 593 
49 593 
71 598 
71 601 
65 601 
61 601 
49 601 
56 603 
65 606 
61 606 
49 606 
71 606 
70 608 
64 608 
52 608 
40 609 
59 610 
68 613 
68 616 
59 616 
52 616 
64 616 
52 618 
40 618 
59 621 
52 623 
47 623 
75 623 
40 624 
66 625 
52 627 
59 628 
68 628 
64 628 
40 628 
68 631 
59 631 
40 632 
66 633 
52 633 
40 633 
52 635 
64 637 
58 638 
42 638 
64 638 
54 640 
42 640 
58 641 
63 643 
64 646 
54 648 
66 648 
58 648 
42 648 
54 650 
42 653 
52 654 
42 655 
58 658 
59 659 
56 660 
44 661 
49 663 
44 663 
58 665 
54 665 
46 665 
59 667 
63 667 
54 667 
47 667 
63 670 
63 672 
64 674 
63 675 
47 675 
66 675 
59 677 
47 677 
54 677 
59 679 
64 680 
47 681 
66 681 
64 683 
68 683 
40 683 
52 683 
59 683 
52 686 
64 686 
70 688 
71 690 
52 690 
59 690 
40 692 
52 692 
40 693 
59 693 
73 695 
61 697 
51 697 
66 697 
58 699 
54 699 
54 700 
58 701 
66 701 
63 702 
42 703 
61 705 
58 705 
66 705 
42 705 
64 707 
51 707 
63 710 
58 710 
51 710 
54 712 
59 712 
63 712 
44 712 
54 715 
59 716 
63 717 
63 719 
54 719 
47 720 
59 721 
49 722 
66 723 
51 725 
63 727 
54 727 
63 729 
63 732 
54 733 
47 734 
63 734 
66 734 
54 737 
47 737 
64 739 
66 740 
47 740 
52 742 
40 742 
59 744 
64 745 
52 745 
67 747 
59 747 
52 747 
40 747 
68 748 
61 749 
58 749 
51 749 
55 752 
58 753 
63 754 
55 754 
59 754 
51 757 
67 757 
63 757 
63 759 
58 762 
63 763 
58 764 
67 764 
75 766 
63 766 
51 766 
58 768 
63 768 
67 769 
73 769 
73 771 
56 771 
44 772 
63 773 
54 774 
71 777 
59 777 
63 779 
44 781 
54 783 
52 786 
73 787 
68 787 
40 788 
64 788 
68 790 
71 791 
52 791 
71 794 
52 794 
68 794 
52 796 
40 796 
64 797 
66 799 
73 801 
66 801 
54 801 
42 801 
61 803 
58 804 
54 804 
61 805 
71 806 
61 806 
66 806 
61 809 
58 809 
42 811 
54 811 
58 812 
42 812 
54 813 
66 813 
73 816 
66 816 
47 816 
63 816 
59 818 
71 821 
66 821 
59 821 
66 824 
63 824 
59 824 
47 825 
47 826 
63 828 
47 828 
66 828 
59 828 
47 831 
63 831 
66 832 
63 833 
75 834 
63 835 
73 836 
63 838 
66 838 
71 838 
47 841 
63 842 
71 843 
47 843 
66 843 
63 843 
64 846 
59 846 
70 846 
52 846 
40 846 
64 849 
52 850 
68 851 
59 853 
64 853 
52 853 
40 854 
40 855 
52 856 
59 857 
40 857 
66 858 
52 860 
66 860 
40 860 
55 863 
59 864 
64 865 
55 868 
64 868 
59 868 
63 870 
52 870 
40 871 
61 873 
55 873 
63 875 
59 875 
47 875 
54 878 
59 880 
61 883 
42 883 
66 885 
54 885 
42 885 
58 888 
59 890 
54 890 
47 890 
63 890 
61 892 
64 893 
63 895 
64 898 
59 898 
40 900 
63 900 
52 900 
40 901 
63 901 
61 902 
59 905 
54 905 
47 905 
54 908 
61 910 
63 911 
42 912 
64 912 
54 913 
59 913 
42 913 
59 915 
47 915 
54 916 
63 917 
59 917 
64 919 
49 920 
64 920 
66 920 
59 921 
52 922 
59 924 
64 925 
61 927 
54 927 
42 927 
58 927 
42 930 
59 932 
61 932 
42 933 
61 933 
59 935 
47 935 
63 935 
63 937 
61 940 
63 942 
64 943 
63 945 
61 947 
61 950 
52 950 
40 951 
61 952 
59 954 
59 956 
64 957 
59 957 
40 957 
52 958 
63 960 
59 960 
47 960 
61 962 
56 962 
46 962 
59 964 
54 965 
47 965 
54 967 
59 969 
42 971 
61 971 
59 972 
47 972 
63 973 
47 974 
54 977 
47 977 
63 980 
66 980 
47 980 
64 982 
61 982 
47 984 
63 984 
59 984 
57 986 
63 987 
47 989 
57 991 
71 992 
70 994 
52 995 
64 995 
59 997 
64 998 
71 999 
64 1002 
59 1002 
70 1002 
40 1004 
52 1004 
40 1005 
59 1005 
71 1006 
42 1009 
64 1010 
59 1010 
61 1011 
42 1011 
66 1012 
58 1014 
61 1017 
58 1017 
42 1017 
61 1019 
42 1019 
42 1020 
64 1021 
42 1022 
47 1024 
64 1024 
54 1026 
59 1028 
63 1029 
47 1031 
66 1031 
59 1031 
54 1031 
47 1034 
54 1035 
59 1036 
64 1039 
47 1039 
54 1039 
63 1041 
54 1042 
57 1044 
54 1044 
61 1044 
42 1044 
54 1046 
63 1046 
57 1046 
47 1049 
66 1051 
54 1051 
52 1053 
59 1054 
40 1054 
59 1058 
58 1061 
54 1061 
61 1063 
54 1063 
42 1063 
61 1065 
49 1065 
42 1065 
54 1066 
59 1066 
42 1066 
61 1068 
59 1068 
54 1068 
44 1069 
59 1071 
44 1072 
54 1073 
59 1074 
42 1076 
59 1076 
54 1076 
56 1078 
66 1078 
54 1078 
44 1078 
47 1079 
59 1081 
56 1081 
47 1081 
44 1081 
59 1083 
64 1083 
52 1083 
40 1083 
63 1088 
52 1088 
58 1091 
61 1091 
54 1091 
42 1091 
42 1093 
61 1093 
54 1093 
49 1095 
58 1096 
54 1096 
42 1096 
42 1097 
54 1098 
59 1098 
47 1098 
61 1103 
54 1106 
59 1106 
59 1113 
52 1113 
64 1113 
40 1113 
56 1114 
66 1115 
66 1118 
59 1118 
52 1120 
40 1121 
64 1123 
56 1123 
52 1123 
64 1125 
59 1125 
58 1127 
63 1128 
52 1128 
61 1130 
58 1133 
61 1133 
58 1135 
40 1135 
61 1135 
52 1136 
70 1138 
78 1140 
58 1140 
66 1140 
58 1142 
61 1142 
51 1142 
66 1143 
64 1145 
64 1146 
64 1147 
54 1147 
58 1150 
51 1150 
54 1150 
63 1152 
61 1155 
51 1155 
61 1158 
44 1158 
59 1160 
54 1162 
58 1163 
61 1163 
44 1165 
59 1165 
54 1165 
52 1167 
51 1170 
64 1172 
52 1172 
68 1172 
40 1172 
56 1174 
66 1175 
59 1176 
66 1177 
59 1179 
52 1180 
40 1180 
64 1182 
56 1182 
64 1185 
59 1185 
52 1185 
58 1187 
63 1187 
52 1187 
40 1188 
61 1189 
61 1192 
58 1194 
52 1195 
61 1195 
58 1197 
63 1200 
58 1201 
54 1202 
51 1202 
64 1202 
63 1204 
54 1207 
63 1208 
63 1209 
51 1209 
54 1210 
58 1212 
61 1212 
51 1214 
63 1214 
65 1216 
49 1217 
61 1217 
71 1222 
49 1222 
71 1224 
65 1224 
49 1224 
56 1227 
49 1229 
71 1229 
65 1229 
61 1229 
64 1232 
70 1232 
52 1232 
40 1232 
59 1233 
68 1237 
64 1239 
59 1239 
52 1239 
68 1239 
52 1241 
59 1244 
40 1244 
75 1247 
52 1247 
47 1247 
71 1247 
66 1249 
59 1251 
68 1251 
40 1251 
64 1252 
52 1252 
59 1254 
68 1254 
40 1255 
66 1256 
52 1256 
40 1257 
64 1259 
52 1259 
64 1260 
58 1261 
54 1261 
42 1261 
64 1262 
54 1264 
42 1264 
58 1265 
63 1266 
66 1269 
58 1269 
54 1269 
64 1270 
66 1271 
54 1271 
42 1271 
58 1271 
54 1274 
42 1274 
42 1276 
52 1277 
58 1281 
59 1282 
61 1284 
66 1284 
58 1284 
42 1284 
54 1286 
64 1286 
42 1287 
54 1289 
58 1289 
64 1292 
67 1294 
68 1296 
68 1299 
64 1299 
40 1299 
40 1301 
52 1301 
68 1302 
52 1302 
40 1302 
74 1305 
68 1305 
64 1305 
52 1306 
40 1306 
77 1306 
76 1308 
64 1308 
40 1310 
52 1310 
68 1311 
74 1311 
40 1311 
66 1315 
69 1316 
52 1316 
40 1316 
74 1318 
63 1321 
66 1321 
47 1321 
69 1323 
57 1324 
66 1326 
64 1329 
47 1331 
62 1332 
59 1334 
47 1336 
69 1338 
59 1338 
47 1338 
58 1340 
68 1341 
57 1342 
47 1343 
67 1343 
66 1346 
64 1348 
62 1349 
64 1350 
52 1350 
64 1352 
67 1353 
68 1354 
74 1355 
40 1355 
74 1358 
68 1358 
64 1358 
40 1358 
40 1360 
52 1360 
40 1361 
52 1362 
74 1364 
64 1364 
68 1364 
68 1365 
52 1365 
77 1366 
40 1366 
76 1368 
52 1369 
40 1369 
74 1370 
40 1370 
66 1374 
69 1375 
40 1375 
52 1375 
71 1376 
40 1378 
74 1378 
47 1380 
74 1381 
71 1385 
66 1385 
66 1389 
71 1389 
47 1390 
65 1391 
68 1392 
66 1394 
47 1395 
62 1399 
59 1400 
47 1400 
57 1401 
62 1402 
66 1402 
59 1405 
47 1405 
57 1406 
59 1407 
68 1410 
52 1410 
40 1410 
68 1412 
64 1412 
71 1412 
68 1414 
52 1415 
71 1416 
64 1416 
74 1417 
64 1417 
52 1418 
71 1420 
52 1420 
66 1420 
40 1420 
69 1422 
52 1423 
40 1425 
52 1425 
68 1425 
64 1426 
71 1427 
71 1428 
68 1428 
52 1428 
68 1431 
74 1432 
64 1432 
40 1434 
52 1434 
64 1436 
52 1436 
68 1437 
52 1437 
47 1440 
66 1440 
75 1442 
75 1445 
73 1447 
64 1448 
63 1449 
47 1449 
64 1452 
66 1453 
47 1453 
47 1454 
62 1456 
57 1456 
47 1457 
62 1458 
64 1459 
47 1460 
66 1461 
66 1463 
69 1464 
47 1464 
71 1465 
66 1467 
52 1469 
40 1469 
68 1469 
68 1472 
52 1472 
71 1472 
64 1473 
68 1473 
52 1474 
71 1475 
74 1477 
64 1477 
52 1477 
66 1479 
52 1479 
40 1479 
69 1482 
52 1483 
74 1484 
52 1484 
40 1484 
71 1487 
71 1488 
68 1488 
71 1489 
52 1490 
68 1490 
52 1491 
74 1492 
64 1492 
40 1492 
52 1494 
40 1494 
64 1495 
71 1496 
52 1496 
68 1498 
47 1500 
66 1500 
75 1501 
64 1503 
73 1504 
73 1506 
54 1506 
47 1509 
59 1510 
63 1511 
66 1512 
73 1516 
58 1518 
46 1518 
61 1520 
66 1520 
66 1521 
73 1521 
58 1524 
46 1524 
71 1526 
59 1528 
64 1528 
52 1528 
40 1528 
71 1536 
52 1536 
71 1539 
52 1539 
71 1541 
52 1541 
52 1543 
71 1543 
40 1543 
52 1544 
71 1544 
73 1546 
71 1548 
73 1550 
52 1551 
40 1551 
73 1552 
71 1553 
64 1553 
52 1553 
52 1556 
54 1559 
61 1561 
66 1563 
70 1565 
54 1566 
42 1566 
73 1568 
61 1568 
73 1571 
66 1571 
54 1571 
42 1573 
54 1573 
70 1574 
54 1574 
42 1574 
75 1575 
66 1576 
42 1576 
54 1576 
54 1578 
73 1578 
70 1578 
42 1579 
75 1581 
61 1581 
42 1581 
70 1581 
56 1583 
76 1585 
42 1585 
61 1586 
58 1586 
47 1588 
59 1590 
66 1592 
66 1595 
47 1595 
75 1595 
73 1598 
63 1598 
47 1598 
66 1598 
71 1600 
66 1600 
47 1600 
52 1603 
47 1603 
40 1603 
68 1603 
64 1604 
68 1607 
73 1608 
75 1609 
78 1610 
40 1611 
40 1613 
73 1613 
52 1613 
52 1614 
71 1615 
52 1615 
66 1618 
61 1618 
58 1619 
61 1620 
66 1621 
70 1623 
61 1623 
61 1625 
75 1625 
66 1625 
51 1628 
58 1629 
61 1630 
66 1630 
42 1630 
63 1633 
44 1633 
59 1633 
51 1635 
56 1636 
56 1637 
63 1637 
63 1640 
47 1640 
71 1642 
49 1642 
73 1645 
51 1645 
47 1647 
59 1649 
66 1651 
66 1655 
47 1655 
75 1655 
73 1657 
66 1657 
47 1657 
71 1660 
66 1660 
47 1660 
52 1662 
40 1663 
66 1664 
66 1666 
78 1667 
66 1667 
71 1667 
70 1670 
67 1670 
51 1670 
75 1672 
63 1672 
58 1672 
67 1672 
67 1675 
73 1675 
54 1677 
63 1677 
58 1677 
51 1677 
73 1681 
67 1681 
51 1682 
63 1682 
58 1682 
73 1682 
73 1683 
51 1683 
63 1685 
58 1685 
67 1685 
51 1685 
67 1687 
51 1687 
63 1688 
58 1688 
67 1689 
63 1689 
58 1689 
44 1692 
54 1692 
51 1692 
59 1692 
71 1696 
63 1696 
59 1696 
59 1697 
44 1697 
44 1699 
78 1700 
56 1700 
78 1703 
71 1703 
66 1703 
63 1703 
71 1704 
63 1704 
56 1704 
63 1707 
54 1707 
47 1707 
59 1707 
63 1709 
54 1709 
63 1712 
64 1713 
59 1714 
47 1714 
63 1714 
66 1714 
54 1716 
47 1716 
59 1718 
64 1719 
47 1720 
66 1720 
64 1722 
40 1722 
68 1722 
52 1722 
52 1725 
64 1725 
70 1728 
52 1729 
71 1729 
59 1729 
40 1731 
52 1731 
40 1732 
73 1734 
46 1736 
58 1736 
61 1736 
66 1737 
51 1737 
54 1739 
58 1740 
63 1742 
42 1742 
61 1744 
58 1744 
66 1744 
42 1744 
64 1746 
51 1746 
63 1749 
54 1751 
47 1751 
59 1751 
44 1752 
54 1754 
59 1755 
44 1756 
63 1756 
54 1759 
47 1759 
66 1759 
63 1759 
59 1761 
49 1761 
51 1764 
63 1766 
54 1766 
47 1766 
63 1769 
63 1771 
47 1773 
63 1774 
66 1774 
54 1776 
47 1776 
64 1778 
47 1779 
66 1780 
54 1780 
52 1781 
66 1781 
40 1782 
59 1782 
64 1783 
59 1783 
64 1785 
67 1786 
52 1786 
40 1787 
61 1788 
58 1788 
51 1788 
70 1789 
55 1791 
58 1792 
63 1793 
55 1793 
59 1793 
51 1794 
67 1796 
63 1796 
51 1796 
63 1798 
75 1798 
58 1801 
63 1802 
58 1803 
67 1803 
75 1806 
63 1806 
51 1806 
58 1807 
63 1808 
67 1808 
73 1808 
63 1810 
73 1811 
44 1811 
59 1812 
54 1813 
59 1815 
71 1816 
63 1818 
44 1820 
54 1822 
59 1822 
68 1823 
52 1826 
73 1826 
68 1826 
40 1827 
64 1828 
52 1828 
71 1830 
52 1830 
71 1833 
52 1833 
68 1834 
52 1835 
66 1838 
54 1838 
73 1840 
66 1840 
54 1840 
42 1840 
42 1842 
58 1843 
61 1844 
66 1844 
71 1845 
61 1845 
58 1845 
66 1845 
42 1846 
58 1848 
54 1850 
42 1850 
58 1852 
66 1853 
63 1855 
66 1855 
47 1855 
73 1855 
59 1858 
47 1860 
66 1860 
59 1860 
66 1863 
63 1863 
59 1863 
47 1865 
59 1866 
63 1867 
47 1867 
66 1867 
59 1867 
47 1870 
63 1870 
66 1871 
63 1873 
75 1874 
63 1874 
73 1875 
75 1877 
63 1877 
66 1878 
71 1878 
47 1880 
63 1881 
71 1882 
66 1882 
59 1885 
64 1885 
70 1885 
52 1885 
40 1886 
64 1889 
52 1890 
68 1890 
40 1890 
64 1892 
59 1892 
40 1894 
52 1895 
40 1895 
59 1896 
66 1897 
66 1900 
52 1900 
40 1900 
55 1902 
59 1903 
64 1905 
52 1907 
64 1907 
59 1907 
55 1907 
40 1909 
63 1910 
52 1910 
40 1911 
61 1912 
55 1912 
59 1915 
47 1915 
63 1915 
54 1915 
59 1918 
54 1920 
61 1926 
70 1927 
64 1927 
42 1928 
59 1929 
54 1930 
63 1930 
47 1930 
61 1931 
64 1932 
63 1934 
59 1937 
64 1937 
52 1939 
40 1939 
40 1940 
63 1940 
61 1942 
59 1944 
52 1944 
56 1944 
40 1945 
56 1947 
63 1949 
64 1950 
52 1952 
68 1952 
59 1952 
56 1952 
40 1952 
52 1954 
40 1954 
59 1957 
40 1959 
59 1959 
64 1959 
52 1959 
64 1962 
59 1962 
52 1962 
64 1964 
59 1964 
64 1966 
52 1966 
67 1967 
59 1969 
64 1970 
52 1971 
71 1971 
64 1971 
59 1971 
63 1973 
71 1974 
59 1974 
47 1974 
54 1976 
63 1979 
59 1979 
54 1981 
42 1982 
42 1984 
49 1984 
61 1986 
58 1986 
66 1989 
63 1989 
47 1989 
71 1989 
73 1991 
63 1993 
66 1994 
59 1994 
52 1996 
73 1997 
40 1998 
71 1999 
64 2000 
52 2000 
68 2002 
52 2002 
73 2002 
40 2003 
49 2004 
47 2006 
59 2007 
71 2007 
63 2007 
