2526 1836
13092 0.03471
0.73014 0.26986 
11598 0.03074
0.86049 0.10881 0.03069 
10045 0.02663
0.96934 0.03056 0.00010 
9933 0.02633
0.57364 0.33907 0.08517 0.00211 
9039 0.02396
1.00000 
8980 0.02380
0.63062 0.24053 0.11782 0.01102 
8949 0.02372
0.92837 0.07073 0.00089 
8929 0.02367
0.47295 0.27327 0.20349 0.04502 0.00526 
8675 0.02300
0.52530 0.43919 0.03550 
8664 0.02297
0.66678 0.31602 0.01720 
8575 0.02273
0.65423 0.34577 
8281 0.02195
0.66357 0.29888 0.03695 0.00060 
7553 0.02002
0.59354 0.30835 0.09255 0.00556 
7064 0.01873
0.55323 0.44663 0.00014 
6738 0.01786
0.87801 0.12199 
6618 0.01754
0.48096 0.37383 0.13448 0.01073 
6610 0.01752
0.80303 0.19697 
5746 0.01523
1.00000 
5150 0.01365
1.00000 
4836 0.01282
0.63131 0.36869 
4612 0.01223
0.86036 0.09410 0.02927 0.01561 0.00065 
4428 0.01174
0.83469 0.12173 0.04313 0.00045 
4357 0.01155
1.00000 
3960 0.01050
1.00000 
3949 0.01047
0.75361 0.24513 0.00127 
3889 0.01031
0.80458 0.19542 
3859 0.01023
0.40840 0.39570 0.17129 0.02254 0.00207 
3672 0.00973
0.45343 0.37936 0.14788 0.01934 
3659 0.00970
0.50670 0.49330 
3521 0.00933
0.88043 0.10508 0.01448 
3474 0.00921
0.99021 0.00979 
3377 0.00895
0.43026 0.33876 0.21824 0.01155 0.00118 
3346 0.00887
1.00000 
2833 0.00751
0.83057 0.15672 0.01271 
2780 0.00737
0.44353 0.41799 0.13633 0.00216 
2706 0.00717
0.79379 0.20621 
2672 0.00708
0.58533 0.41467 
2591 0.00687
0.98186 0.01814 
2543 0.00674
0.56272 0.35549 0.08061 0.00118 
2484 0.00658
0.49839 0.25040 0.22021 0.02617 0.00483 
2418 0.00641
0.93507 0.06493 
2336 0.00619
1.00000 
2243 0.00595
0.91975 0.04280 0.02853 0.00892 
2232 0.00592
1.00000 
2207 0.00585
1.00000 
2195 0.00582
0.95262 0.03280 0.00729 0.00364 0.00364 
2194 0.00582
1.00000 
2105 0.00558
0.72257 0.25226 0.02043 0.00475 
2095 0.00555
0.55036 0.40811 0.03914 0.00239 
2054 0.00544
0.99026 0.00682 0.00195 0.00097 
2011 0.00533
0.67280 0.32720 
2004 0.00531
0.99900 0.00100 
1995 0.00529
0.68221 0.29774 0.01955 0.00050 
1857 0.00492
0.86430 0.08347 0.03554 0.01239 0.00431 
1847 0.00490
0.56903 0.29020 0.13969 0.00108 
1814 0.00481
1.00000 
1693 0.00449
0.88777 0.11223 
1620 0.00429
0.67654 0.25988 0.06235 0.00123 
1537 0.00407
1.00000 
1474 0.00391
1.00000 
1431 0.00379
1.00000 
1407 0.00373
0.50462 0.49538 
1404 0.00372
0.94872 0.05128 
1353 0.00359
1.00000 
1287 0.00341
0.49650 0.44367 0.05983 
1266 0.00336
0.84755 0.13744 0.01501 
1226 0.00325
0.54812 0.44290 0.00897 
1221 0.00324
0.61097 0.19902 0.18509 0.00491 
1178 0.00312
1.00000 
1146 0.00304
0.98604 0.01396 
1058 0.00280
1.00000 
1011 0.00268
1.00000 
1000 0.00265
1.00000 
976 0.00259
1.00000 
966 0.00256
0.61387 0.25880 0.12319 0.00414 
898 0.00238
0.52227 0.37639 0.10134 
865 0.00229
1.00000 
855 0.00227
0.97895 0.02105 
805 0.00213
1.00000 
799 0.00212
0.94368 0.02003 0.01877 0.01627 0.00125 
785 0.00208
0.89427 0.08025 0.02548 
768 0.00204
0.51042 0.48958 
725 0.00192
0.69379 0.30621 
709 0.00188
1.00000 
693 0.00184
0.68543 0.29726 0.01732 
689 0.00183
0.81277 0.14369 0.04064 0.00290 
683 0.00181
0.88726 0.07028 0.04246 
681 0.00181
0.91630 0.08370 
679 0.00180
1.00000 
644 0.00171
0.82143 0.15062 0.02795 
639 0.00169
0.89202 0.10798 
634 0.00168
1.00000 
621 0.00165
0.79871 0.20129 
609 0.00161
1.00000 
605 0.00160
0.99669 0.00331 
604 0.00160
0.60099 0.39238 0.00331 0.00331 
599 0.00159
0.97663 0.02337 
595 0.00158
0.87227 0.08067 0.02353 0.01681 0.00672 
589 0.00156
0.43124 0.40917 0.14431 0.01528 
557 0.00148
1.00000 
548 0.00145
0.82664 0.15693 0.01095 0.00547 
543 0.00144
0.98158 0.01473 0.00368 
542 0.00144
0.68450 0.31550 
521 0.00138
0.49520 0.43954 0.05950 0.00576 
510 0.00135
0.46275 0.45490 0.08235 
506 0.00134
0.77075 0.21344 0.01186 0.00395 
500 0.00133
1.00000 
493 0.00131
0.98377 0.01623 
491 0.00130
1.00000 
473 0.00125
0.98309 0.01268 0.00423 
460 0.00122
1.00000 
456 0.00121
0.50000 0.25219 0.23465 0.00877 0.00219 0.00219 
452 0.00120
1.00000 
450 0.00119
1.00000 
447 0.00118
1.00000 
445 0.00118
1.00000 
426 0.00113
0.69484 0.22535 0.07981 
425 0.00113
0.97882 0.02118 
407 0.00108
0.45946 0.24570 0.16708 0.06634 0.05897 0.00246 
395 0.00105
0.96203 0.03291 0.00506 
393 0.00104
0.90840 0.09160 
392 0.00104
0.89286 0.10714 
387 0.00103
0.46512 0.42894 0.10336 0.00258 
372 0.00099
0.72312 0.27688 
371 0.00098
0.92722 0.07278 
354 0.00094
0.99153 0.00847 
353 0.00094
0.59773 0.26346 0.13881 
348 0.00092
0.68678 0.19540 0.06034 0.05747 
345 0.00091
0.83188 0.16812 
339 0.00090
0.89086 0.10914 
335 0.00089
0.93731 0.06269 
331 0.00088
1.00000 
326 0.00086
1.00000 
322 0.00085
1.00000 
320 0.00085
0.94063 0.04063 0.01250 0.00313 0.00313 
317 0.00084
1.00000 
316 0.00084
1.00000 
311 0.00082
1.00000 
311 0.00082
0.53055 0.46945 
309 0.00082
1.00000 
303 0.00080
0.76238 0.21122 0.01980 0.00330 0.00330 
297 0.00079
0.88215 0.11785 
296 0.00078
0.65541 0.34459 
291 0.00077
1.00000 
291 0.00077
1.00000 
290 0.00077
1.00000 
283 0.00075
0.69965 0.26148 0.03887 
281 0.00074
0.90747 0.09253 
279 0.00074
0.54122 0.40860 0.05018 
275 0.00073
0.96727 0.03273 
272 0.00072
0.82721 0.17279 
271 0.00072
0.57934 0.42066 
271 0.00072
0.33579 0.31734 0.22509 0.12177 
269 0.00071
0.76208 0.23792 
269 0.00071
0.49442 0.39405 0.11152 
266 0.00071
1.00000 
264 0.00070
1.00000 
246 0.00065
0.87805 0.08537 0.03659 
244 0.00065
0.61885 0.38115 
243 0.00064
1.00000 
237 0.00063
0.65823 0.34177 
235 0.00062
0.94894 0.05106 
234 0.00062
0.88889 0.11111 
233 0.00062
1.00000 
232 0.00061
1.00000 
232 0.00061
0.70259 0.24569 0.05172 
231 0.00061
1.00000 
226 0.00060
0.81858 0.16814 0.01327 
225 0.00060
1.00000 
224 0.00059
1.00000 
223 0.00059
1.00000 
223 0.00059
0.43946 0.29596 0.23767 0.02691 
222 0.00059
0.99550 0.00450 
221 0.00059
1.00000 
217 0.00058
0.52535 0.25806 0.21659 
213 0.00056
1.00000 
213 0.00056
1.00000 
211 0.00056
1.00000 
211 0.00056
0.64455 0.33649 0.01422 0.00474 
205 0.00054
0.91707 0.08293 
204 0.00054
0.94118 0.05882 
201 0.00053
0.53731 0.35323 0.09950 0.00995 
200 0.00053
1.00000 
200 0.00053
0.94500 0.04500 0.01000 
200 0.00053
0.66000 0.34000 
198 0.00052
1.00000 
198 0.00052
0.61111 0.37374 0.01515 
197 0.00052
1.00000 
197 0.00052
0.95431 0.04569 
196 0.00052
0.69388 0.21429 0.07143 0.02041 
195 0.00052
0.76410 0.14872 0.08718 
192 0.00051
0.55729 0.26562 0.17708 
191 0.00051
0.99476 0.00524 
190 0.00050
0.51579 0.47895 0.00526 
190 0.00050
0.50526 0.49474 
188 0.00050
1.00000 
188 0.00050
1.00000 
188 0.00050
1.00000 
188 0.00050
1.00000 
187 0.00050
0.64171 0.35829 
185 0.00049
0.83243 0.16757 
183 0.00049
1.00000 
181 0.00048
1.00000 
181 0.00048
0.58564 0.41436 
180 0.00048
1.00000 
180 0.00048
1.00000 
180 0.00048
0.86111 0.07222 0.02222 0.02222 0.01111 0.01111 
175 0.00046
0.81714 0.18286 
175 0.00046
0.70857 0.24000 0.05143 
174 0.00046
0.70115 0.24713 0.02874 0.02299 
171 0.00045
1.00000 
170 0.00045
1.00000 
170 0.00045
1.00000 
170 0.00045
0.71765 0.28235 
166 0.00044
1.00000 
166 0.00044
0.54217 0.40964 0.04819 
165 0.00044
0.42424 0.27879 0.18182 0.06061 0.04242 0.01212 
164 0.00043
1.00000 
164 0.00043
0.70122 0.16463 0.09756 0.03659 
160 0.00042
0.75625 0.20625 0.02500 0.01250 
159 0.00042
0.55346 0.44654 
159 0.00042
0.54717 0.45283 
158 0.00042
0.86076 0.13291 0.00633 
156 0.00041
0.82051 0.10256 0.07692 
155 0.00041
0.98065 0.01290 0.00645 
154 0.00041
0.51299 0.42208 0.06494 
151 0.00040
1.00000 
151 0.00040
0.84106 0.15894 
150 0.00040
0.84667 0.06667 0.06000 0.02667 
148 0.00039
1.00000 
148 0.00039
1.00000 
148 0.00039
0.99324 0.00676 
144 0.00038
1.00000 
144 0.00038
1.00000 
144 0.00038
1.00000 
144 0.00038
0.79861 0.20139 
144 0.00038
0.54861 0.31250 0.13889 
141 0.00037
1.00000 
141 0.00037
1.00000 
140 0.00037
1.00000 
140 0.00037
1.00000 
140 0.00037
1.00000 
139 0.00037
1.00000 
133 0.00035
1.00000 
133 0.00035
0.81955 0.18045 
132 0.00035
1.00000 
131 0.00035
1.00000 
130 0.00034
0.58462 0.16154 0.14615 0.07692 0.03077 
128 0.00034
1.00000 
128 0.00034
1.00000 
128 0.00034
1.00000 
127 0.00034
1.00000 
127 0.00034
0.62992 0.33071 0.03937 
126 0.00033
1.00000 
126 0.00033
1.00000 
125 0.00033
1.00000 
124 0.00033
1.00000 
124 0.00033
1.00000 
123 0.00033
0.98374 0.01626 
123 0.00033
0.70732 0.12195 0.10569 0.05691 0.00813 
122 0.00032
0.92623 0.07377 
121 0.00032
1.00000 
121 0.00032
0.53719 0.41322 0.04959 
120 0.00032
1.00000 
120 0.00032
1.00000 
119 0.00032
1.00000 
117 0.00031
1.00000 
116 0.00031
1.00000 
115 0.00030
1.00000 
115 0.00030
0.99130 0.00870 
115 0.00030
0.80870 0.19130 
114 0.00030
1.00000 
114 0.00030
1.00000 
114 0.00030
0.98246 0.01754 
114 0.00030
0.82456 0.15789 0.01754 
114 0.00030
0.45614 0.28070 0.19298 0.07018 
112 0.00030
1.00000 
112 0.00030
1.00000 
111 0.00029
1.00000 
110 0.00029
1.00000 
110 0.00029
1.00000 
110 0.00029
1.00000 
110 0.00029
1.00000 
109 0.00029
1.00000 
108 0.00029
1.00000 
107 0.00028
1.00000 
107 0.00028
1.00000 
106 0.00028
1.00000 
106 0.00028
1.00000 
105 0.00028
1.00000 
104 0.00028
1.00000 
103 0.00027
0.97087 0.02913 
103 0.00027
0.55340 0.44660 
102 0.00027
1.00000 
102 0.00027
0.62745 0.37255 
102 0.00027
0.36275 0.21569 0.20588 0.15686 0.04902 0.00980 
101 0.00027
1.00000 
101 0.00027
1.00000 
100 0.00027
1.00000 
100 0.00027
0.54000 0.46000 
100 0.00027
0.54000 0.40000 0.04000 0.02000 
99 0.00026
1.00000 
99 0.00026
0.95960 0.04040 
98 0.00026
1.00000 
98 0.00026
1.00000 
98 0.00026
1.00000 
98 0.00026
1.00000 
98 0.00026
0.83673 0.16327 
97 0.00026
1.00000 
97 0.00026
0.88660 0.11340 
96 0.00025
1.00000 
96 0.00025
1.00000 
96 0.00025
1.00000 
96 0.00025
0.91667 0.07292 0.01042 
94 0.00025
1.00000 
94 0.00025
1.00000 
94 0.00025
0.68085 0.31915 
91 0.00024
1.00000 
91 0.00024
1.00000 
91 0.00024
0.92308 0.06593 0.01099 
90 0.00024
1.00000 
90 0.00024
1.00000 
90 0.00024
0.97778 0.02222 
90 0.00024
0.97778 0.02222 
90 0.00024
0.71111 0.26667 0.02222 
89 0.00024
0.73034 0.26966 
88 0.00023
1.00000 
88 0.00023
0.93182 0.04545 0.02273 
87 0.00023
1.00000 
86 0.00023
1.00000 
86 0.00023
1.00000 
86 0.00023
0.98837 0.01163 
86 0.00023
0.62791 0.37209 
85 0.00023
1.00000 
84 0.00022
1.00000 
84 0.00022
1.00000 
84 0.00022
1.00000 
83 0.00022
0.90361 0.09639 
83 0.00022
0.54217 0.44578 0.01205 
82 0.00022
0.96341 0.03659 
82 0.00022
0.90244 0.06098 0.02439 0.01220 
82 0.00022
0.78049 0.21951 
82 0.00022
0.78049 0.19512 0.02439 
82 0.00022
0.70732 0.17073 0.12195 
82 0.00022
0.58537 0.31707 0.09756 
82 0.00022
0.53659 0.46341 
81 0.00021
1.00000 
81 0.00021
1.00000 
81 0.00021
1.00000 
80 0.00021
1.00000 
80 0.00021
1.00000 
80 0.00021
0.60000 0.22500 0.07500 0.05000 0.03750 0.01250 
80 0.00021
0.52500 0.45000 0.01250 0.01250 
79 0.00021
1.00000 
79 0.00021
0.77215 0.15190 0.07595 
78 0.00021
0.80769 0.19231 
77 0.00020
1.00000 
77 0.00020
0.94805 0.05195 
77 0.00020
0.83117 0.05195 0.05195 0.05195 0.01299 
77 0.00020
0.46753 0.41558 0.11688 
76 0.00020
1.00000 
76 0.00020
1.00000 
76 0.00020
0.77632 0.22368 
76 0.00020
0.52632 0.39474 0.05263 0.02632 
74 0.00020
1.00000 
74 0.00020
1.00000 
74 0.00020
1.00000 
74 0.00020
1.00000 
74 0.00020
1.00000 
74 0.00020
0.95946 0.04054 
73 0.00019
1.00000 
73 0.00019
0.80822 0.16438 0.02740 
73 0.00019
0.67123 0.32877 
72 0.00019
1.00000 
72 0.00019
1.00000 
72 0.00019
1.00000 
72 0.00019
1.00000 
72 0.00019
0.52778 0.45833 0.01389 
71 0.00019
0.83099 0.14085 0.02817 
70 0.00019
1.00000 
70 0.00019
0.97143 0.02857 
70 0.00019
0.57143 0.42857 
69 0.00018
1.00000 
69 0.00018
1.00000 
68 0.00018
1.00000 
68 0.00018
1.00000 
68 0.00018
1.00000 
67 0.00018
1.00000 
67 0.00018
0.86567 0.13433 
67 0.00018
0.85075 0.11940 0.02985 
67 0.00018
0.80597 0.17910 0.01493 
67 0.00018
0.65672 0.34328 
66 0.00017
1.00000 
66 0.00017
1.00000 
66 0.00017
0.96970 0.03030 
65 0.00017
1.00000 
65 0.00017
0.98462 0.01538 
64 0.00017
1.00000 
64 0.00017
1.00000 
64 0.00017
1.00000 
64 0.00017
1.00000 
64 0.00017
1.00000 
64 0.00017
1.00000 
64 0.00017
0.96875 0.03125 
64 0.00017
0.51562 0.48438 
63 0.00017
0.98413 0.01587 
63 0.00017
0.96825 0.03175 
63 0.00017
0.95238 0.04762 
62 0.00016
1.00000 
62 0.00016
0.48387 0.45161 0.06452 
61 0.00016
1.00000 
61 0.00016
1.00000 
61 0.00016
1.00000 
60 0.00016
1.00000 
60 0.00016
1.00000 
60 0.00016
1.00000 
60 0.00016
1.00000 
60 0.00016
1.00000 
60 0.00016
1.00000 
60 0.00016
0.93333 0.06667 
59 0.00016
1.00000 
59 0.00016
0.74576 0.18644 0.06780 
58 0.00015
1.00000 
58 0.00015
1.00000 
58 0.00015
0.94828 0.05172 
57 0.00015
1.00000 
57 0.00015
1.00000 
57 0.00015
1.00000 
57 0.00015
1.00000 
57 0.00015
0.64912 0.35088 
57 0.00015
0.56140 0.43860 
56 0.00015
1.00000 
56 0.00015
1.00000 
56 0.00015
1.00000 
56 0.00015
1.00000 
56 0.00015
1.00000 
56 0.00015
1.00000 
55 0.00015
1.00000 
55 0.00015
1.00000 
55 0.00015
0.90909 0.09091 
55 0.00015
0.85455 0.14545 
55 0.00015
0.58182 0.41818 
54 0.00014
1.00000 
54 0.00014
1.00000 
54 0.00014
1.00000 
54 0.00014
0.83333 0.12963 0.03704 
52 0.00014
1.00000 
52 0.00014
1.00000 
52 0.00014
1.00000 
52 0.00014
0.61538 0.38462 
51 0.00014
1.00000 
51 0.00014
0.92157 0.07843 
51 0.00014
0.41176 0.31373 0.13725 0.13725 
50 0.00013
1.00000 
50 0.00013
1.00000 
50 0.00013
1.00000 
50 0.00013
0.72000 0.20000 0.08000 
50 0.00013
0.48000 0.44000 0.06000 0.02000 
49 0.00013
1.00000 
49 0.00013
1.00000 
49 0.00013
1.00000 
49 0.00013
0.93878 0.06122 
48 0.00013
1.00000 
48 0.00013
1.00000 
48 0.00013
1.00000 
48 0.00013
1.00000 
48 0.00013
1.00000 
48 0.00013
1.00000 
48 0.00013
1.00000 
48 0.00013
1.00000 
48 0.00013
1.00000 
48 0.00013
0.87500 0.12500 
48 0.00013
0.50000 0.50000 
47 0.00012
1.00000 
47 0.00012
0.87234 0.12766 
47 0.00012
0.34043 0.34043 0.31915 
46 0.00012
1.00000 
46 0.00012
1.00000 
46 0.00012
1.00000 
46 0.00012
0.78261 0.21739 
46 0.00012
0.73913 0.26087 
45 0.00012
1.00000 
45 0.00012
1.00000 
45 0.00012
0.64444 0.35556 
44 0.00012
1.00000 
44 0.00012
1.00000 
44 0.00012
1.00000 
44 0.00012
1.00000 
44 0.00012
1.00000 
44 0.00012
1.00000 
44 0.00012
0.65909 0.34091 
43 0.00011
1.00000 
43 0.00011
1.00000 
43 0.00011
0.83721 0.16279 
42 0.00011
0.85714 0.14286 
42 0.00011
0.54762 0.26190 0.19048 
41 0.00011
1.00000 
41 0.00011
1.00000 
41 0.00011
0.87805 0.04878 0.04878 0.02439 
41 0.00011
0.78049 0.21951 
41 0.00011
0.78049 0.09756 0.07317 0.04878 
40 0.00011
1.00000 
40 0.00011
1.00000 
40 0.00011
1.00000 
40 0.00011
1.00000 
40 0.00011
1.00000 
40 0.00011
0.90000 0.10000 
40 0.00011
0.55000 0.45000 
39 0.00010
1.00000 
39 0.00010
1.00000 
39 0.00010
0.97436 0.02564 
39 0.00010
0.92308 0.07692 
39 0.00010
0.82051 0.17949 
39 0.00010
0.82051 0.12821 0.05128 
39 0.00010
0.61538 0.35897 0.02564 
38 0.00010
1.00000 
38 0.00010
1.00000 
38 0.00010
1.00000 
38 0.00010
0.78947 0.21053 
37 0.00010
1.00000 
37 0.00010
1.00000 
37 0.00010
1.00000 
37 0.00010
1.00000 
37 0.00010
1.00000 
37 0.00010
0.94595 0.05405 
37 0.00010
0.83784 0.10811 0.05405 
36 0.00010
1.00000 
36 0.00010
1.00000 
36 0.00010
1.00000 
36 0.00010
1.00000 
36 0.00010
1.00000 
36 0.00010
1.00000 
36 0.00010
1.00000 
36 0.00010
1.00000 
36 0.00010
1.00000 
36 0.00010
1.00000 
36 0.00010
1.00000 
35 0.00009
1.00000 
35 0.00009
1.00000 
35 0.00009
0.94286 0.05714 
34 0.00009
1.00000 
34 0.00009
1.00000 
34 0.00009
1.00000 
34 0.00009
0.94118 0.05882 
34 0.00009
0.88235 0.11765 
33 0.00009
1.00000 
33 0.00009
1.00000 
33 0.00009
1.00000 
33 0.00009
0.93939 0.06061 
33 0.00009
0.81818 0.18182 
33 0.00009
0.63636 0.30303 0.06061 
32 0.00008
1.00000 
32 0.00008
1.00000 
32 0.00008
1.00000 
32 0.00008
1.00000 
32 0.00008
1.00000 
32 0.00008
1.00000 
32 0.00008
1.00000 
32 0.00008
0.90625 0.09375 
32 0.00008
0.84375 0.06250 0.06250 0.03125 
32 0.00008
0.71875 0.28125 
32 0.00008
0.62500 0.37500 
31 0.00008
1.00000 
31 0.00008
1.00000 
31 0.00008
0.93548 0.06452 
31 0.00008
0.90323 0.09677 
31 0.00008
0.77419 0.22581 
30 0.00008
1.00000 
30 0.00008
1.00000 
30 0.00008
1.00000 
30 0.00008
1.00000 
30 0.00008
1.00000 
30 0.00008
1.00000 
30 0.00008
1.00000 
30 0.00008
1.00000 
30 0.00008
1.00000 
29 0.00008
1.00000 
29 0.00008
1.00000 
29 0.00008
1.00000 
29 0.00008
0.96552 0.03448 
29 0.00008
0.82759 0.17241 
29 0.00008
0.75862 0.24138 
29 0.00008
0.75862 0.20690 0.03448 
28 0.00007
1.00000 
28 0.00007
1.00000 
28 0.00007
1.00000 
28 0.00007
1.00000 
28 0.00007
1.00000 
28 0.00007
1.00000 
28 0.00007
1.00000 
28 0.00007
1.00000 
28 0.00007
1.00000 
28 0.00007
1.00000 
28 0.00007
1.00000 
28 0.00007
1.00000 
28 0.00007
1.00000 
28 0.00007
1.00000 
28 0.00007
1.00000 
28 0.00007
1.00000 
28 0.00007
0.57143 0.28571 0.10714 0.03571 
27 0.00007
1.00000 
27 0.00007
1.00000 
27 0.00007
1.00000 
27 0.00007
0.96296 0.03704 
27 0.00007
0.59259 0.22222 0.18519 
26 0.00007
1.00000 
26 0.00007
1.00000 
26 0.00007
1.00000 
26 0.00007
1.00000 
26 0.00007
1.00000 
26 0.00007
1.00000 
26 0.00007
1.00000 
26 0.00007
1.00000 
26 0.00007
1.00000 
26 0.00007
1.00000 
26 0.00007
0.88462 0.11538 
26 0.00007
0.84615 0.07692 0.07692 
26 0.00007
0.46154 0.30769 0.23077 
25 0.00007
1.00000 
25 0.00007
1.00000 
25 0.00007
1.00000 
25 0.00007
1.00000 
25 0.00007
0.96000 0.04000 
25 0.00007
0.96000 0.04000 
25 0.00007
0.96000 0.04000 
25 0.00007
0.84000 0.12000 0.04000 
25 0.00007
0.64000 0.36000 
25 0.00007
0.64000 0.20000 0.16000 
25 0.00007
0.56000 0.28000 0.16000 
25 0.00007
0.52000 0.48000 
24 0.00006
1.00000 
24 0.00006
1.00000 
24 0.00006
1.00000 
24 0.00006
1.00000 
24 0.00006
1.00000 
24 0.00006
1.00000 
24 0.00006
1.00000 
24 0.00006
1.00000 
24 0.00006
1.00000 
24 0.00006
1.00000 
24 0.00006
1.00000 
24 0.00006
1.00000 
24 0.00006
1.00000 
24 0.00006
1.00000 
24 0.00006
1.00000 
24 0.00006
1.00000 
24 0.00006
1.00000 
24 0.00006
1.00000 
24 0.00006
1.00000 
24 0.00006
1.00000 
24 0.00006
0.66667 0.33333 
23 0.00006
1.00000 
23 0.00006
1.00000 
23 0.00006
1.00000 
23 0.00006
0.95652 0.04348 
22 0.00006
1.00000 
22 0.00006
1.00000 
22 0.00006
1.00000 
22 0.00006
1.00000 
22 0.00006
0.90909 0.09091 
22 0.00006
0.81818 0.18182 
22 0.00006
0.68182 0.27273 0.04545 
22 0.00006
0.63636 0.36364 
21 0.00006
1.00000 
21 0.00006
1.00000 
21 0.00006
1.00000 
21 0.00006
0.90476 0.09524 
21 0.00006
0.85714 0.14286 
21 0.00006
0.76190 0.23810 
20 0.00005
1.00000 
20 0.00005
1.00000 
20 0.00005
1.00000 
20 0.00005
1.00000 
20 0.00005
1.00000 
20 0.00005
1.00000 
20 0.00005
1.00000 
20 0.00005
1.00000 
20 0.00005
1.00000 
20 0.00005
1.00000 
20 0.00005
1.00000 
20 0.00005
1.00000 
20 0.00005
1.00000 
20 0.00005
1.00000 
20 0.00005
1.00000 
20 0.00005
1.00000 
20 0.00005
1.00000 
20 0.00005
1.00000 
20 0.00005
0.95000 0.05000 
20 0.00005
0.90000 0.10000 
20 0.00005
0.85000 0.10000 0.05000 
20 0.00005
0.80000 0.20000 
20 0.00005
0.80000 0.20000 
20 0.00005
0.65000 0.35000 
20 0.00005
0.60000 0.40000 
20 0.00005
0.60000 0.40000 
20 0.00005
0.55000 0.35000 0.10000 
19 0.00005
1.00000 
19 0.00005
1.00000 
19 0.00005
1.00000 
19 0.00005
1.00000 
19 0.00005
1.00000 
19 0.00005
0.94737 0.05263 
19 0.00005
0.89474 0.10526 
18 0.00005
1.00000 
18 0.00005
1.00000 
18 0.00005
1.00000 
18 0.00005
1.00000 
18 0.00005
1.00000 
18 0.00005
1.00000 
18 0.00005
1.00000 
18 0.00005
1.00000 
18 0.00005
1.00000 
18 0.00005
1.00000 
18 0.00005
1.00000 
18 0.00005
1.00000 
18 0.00005
1.00000 
18 0.00005
1.00000 
18 0.00005
1.00000 
18 0.00005
0.83333 0.16667 
18 0.00005
0.66667 0.33333 
18 0.00005
0.55556 0.38889 0.05556 
17 0.00005
1.00000 
17 0.00005
1.00000 
17 0.00005
1.00000 
17 0.00005
1.00000 
17 0.00005
1.00000 
17 0.00005
1.00000 
17 0.00005
1.00000 
17 0.00005
1.00000 
17 0.00005
1.00000 
17 0.00005
1.00000 
17 0.00005
0.76471 0.23529 
17 0.00005
0.70588 0.29412 
16 0.00004
1.00000 
16 0.00004
1.00000 
16 0.00004
1.00000 
16 0.00004
1.00000 
16 0.00004
1.00000 
16 0.00004
1.00000 
16 0.00004
1.00000 
16 0.00004
1.00000 
16 0.00004
1.00000 
16 0.00004
1.00000 
16 0.00004
1.00000 
16 0.00004
1.00000 
16 0.00004
1.00000 
16 0.00004
1.00000 
16 0.00004
1.00000 
16 0.00004
1.00000 
16 0.00004
1.00000 
16 0.00004
1.00000 
16 0.00004
1.00000 
16 0.00004
1.00000 
16 0.00004
1.00000 
16 0.00004
1.00000 
16 0.00004
1.00000 
16 0.00004
0.93750 0.06250 
16 0.00004
0.93750 0.06250 
16 0.00004
0.87500 0.12500 
16 0.00004
0.50000 0.50000 
15 0.00004
1.00000 
15 0.00004
1.00000 
15 0.00004
1.00000 
15 0.00004
1.00000 
15 0.00004
1.00000 
15 0.00004
1.00000 
15 0.00004
1.00000 
15 0.00004
1.00000 
15 0.00004
0.93333 0.06667 
15 0.00004
0.93333 0.06667 
15 0.00004
0.86667 0.13333 
15 0.00004
0.86667 0.13333 
15 0.00004
0.86667 0.13333 
15 0.00004
0.86667 0.13333 
15 0.00004
0.66667 0.33333 
15 0.00004
0.46667 0.40000 0.13333 
14 0.00004
1.00000 
14 0.00004
1.00000 
14 0.00004
1.00000 
14 0.00004
1.00000 
14 0.00004
1.00000 
14 0.00004
1.00000 
14 0.00004
1.00000 
14 0.00004
1.00000 
14 0.00004
1.00000 
14 0.00004
1.00000 
14 0.00004
1.00000 
14 0.00004
0.85714 0.14286 
14 0.00004
0.71429 0.28571 
14 0.00004
0.57143 0.42857 
14 0.00004
0.57143 0.42857 
13 0.00003
1.00000 
13 0.00003
1.00000 
13 0.00003
1.00000 
13 0.00003
1.00000 
13 0.00003
1.00000 
13 0.00003
1.00000 
13 0.00003
1.00000 
13 0.00003
1.00000 
13 0.00003
1.00000 
13 0.00003
0.92308 0.07692 
13 0.00003
0.84615 0.15385 
13 0.00003
0.61538 0.30769 0.07692 
13 0.00003
0.46154 0.30769 0.15385 0.07692 
13 0.00003
0.46154 0.30769 0.15385 0.07692 
12 0.00003
1.00000 
12 0.00003
1.00000 
12 0.00003
1.00000 
12 0.00003
1.00000 
12 0.00003
1.00000 
12 0.00003
1.00000 
12 0.00003
1.00000 
12 0.00003
1.00000 
12 0.00003
1.00000 
12 0.00003
1.00000 
12 0.00003
1.00000 
12 0.00003
1.00000 
12 0.00003
1.00000 
12 0.00003
1.00000 
12 0.00003
1.00000 
12 0.00003
1.00000 
12 0.00003
1.00000 
12 0.00003
1.00000 
12 0.00003
1.00000 
12 0.00003
1.00000 
12 0.00003
1.00000 
12 0.00003
1.00000 
12 0.00003
1.00000 
12 0.00003
1.00000 
12 0.00003
1.00000 
12 0.00003
1.00000 
12 0.00003
1.00000 
12 0.00003
1.00000 
12 0.00003
1.00000 
12 0.00003
1.00000 
12 0.00003
1.00000 
12 0.00003
1.00000 
12 0.00003
1.00000 
12 0.00003
1.00000 
12 0.00003
1.00000 
12 0.00003
1.00000 
12 0.00003
1.00000 
12 0.00003
1.00000 
12 0.00003
1.00000 
12 0.00003
1.00000 
12 0.00003
0.91667 0.08333 
12 0.00003
0.91667 0.08333 
12 0.00003
0.83333 0.16667 
12 0.00003
0.58333 0.25000 0.16667 
12 0.00003
0.50000 0.50000 
12 0.00003
0.50000 0.50000 
12 0.00003
0.50000 0.50000 
11 0.00003
1.00000 
11 0.00003
1.00000 
11 0.00003
1.00000 
11 0.00003
1.00000 
11 0.00003
1.00000 
11 0.00003
1.00000 
11 0.00003
1.00000 
11 0.00003
1.00000 
11 0.00003
1.00000 
11 0.00003
0.90909 0.09091 
11 0.00003
0.63636 0.27273 0.09091 
11 0.00003
0.54545 0.45455 
11 0.00003
0.54545 0.45455 
10 0.00003
1.00000 
10 0.00003
1.00000 
10 0.00003
1.00000 
10 0.00003
1.00000 
10 0.00003
1.00000 
10 0.00003
1.00000 
10 0.00003
1.00000 
10 0.00003
1.00000 
10 0.00003
1.00000 
10 0.00003
1.00000 
10 0.00003
1.00000 
10 0.00003
1.00000 
10 0.00003
1.00000 
10 0.00003
1.00000 
10 0.00003
1.00000 
10 0.00003
1.00000 
10 0.00003
1.00000 
10 0.00003
0.90000 0.10000 
10 0.00003
0.80000 0.20000 
10 0.00003
0.80000 0.20000 
10 0.00003
0.80000 0.20000 
10 0.00003
0.80000 0.10000 0.10000 
10 0.00003
0.60000 0.40000 
10 0.00003
0.50000 0.50000 
10 0.00003
0.50000 0.50000 
9 0.00002
1.00000 
9 0.00002
1.00000 
9 0.00002
1.00000 
9 0.00002
1.00000 
9 0.00002
1.00000 
9 0.00002
1.00000 
9 0.00002
1.00000 
9 0.00002
1.00000 
9 0.00002
1.00000 
9 0.00002
1.00000 
9 0.00002
1.00000 
9 0.00002
1.00000 
9 0.00002
1.00000 
9 0.00002
1.00000 
9 0.00002
1.00000 
9 0.00002
0.88889 0.11111 
9 0.00002
0.88889 0.11111 
9 0.00002
0.88889 0.11111 
9 0.00002
0.88889 0.11111 
9 0.00002
0.77778 0.22222 
9 0.00002
0.77778 0.22222 
9 0.00002
0.66667 0.22222 0.11111 
9 0.00002
0.66667 0.22222 0.11111 
9 0.00002
0.55556 0.44444 
9 0.00002
0.44444 0.44444 0.11111 
8 0.00002
1.00000 
8 0.00002
1.00000 
8 0.00002
1.00000 
8 0.00002
1.00000 
8 0.00002
1.00000 
8 0.00002
1.00000 
8 0.00002
1.00000 
8 0.00002
1.00000 
8 0.00002
1.00000 
8 0.00002
1.00000 
8 0.00002
1.00000 
8 0.00002
1.00000 
8 0.00002
1.00000 
8 0.00002
1.00000 
8 0.00002
1.00000 
8 0.00002
1.00000 
8 0.00002
1.00000 
8 0.00002
1.00000 
8 0.00002
1.00000 
8 0.00002
1.00000 
8 0.00002
1.00000 
8 0.00002
1.00000 
8 0.00002
1.00000 
8 0.00002
1.00000 
8 0.00002
1.00000 
8 0.00002
1.00000 
8 0.00002
1.00000 
8 0.00002
1.00000 
8 0.00002
1.00000 
8 0.00002
1.00000 
8 0.00002
1.00000 
8 0.00002
1.00000 
8 0.00002
1.00000 
8 0.00002
1.00000 
8 0.00002
1.00000 
8 0.00002
1.00000 
8 0.00002
1.00000 
8 0.00002
1.00000 
8 0.00002
1.00000 
8 0.00002
1.00000 
8 0.00002
1.00000 
8 0.00002
1.00000 
8 0.00002
1.00000 
8 0.00002
1.00000 
8 0.00002
1.00000 
8 0.00002
1.00000 
8 0.00002
1.00000 
8 0.00002
1.00000 
8 0.00002
1.00000 
8 0.00002
1.00000 
8 0.00002
1.00000 
8 0.00002
1.00000 
8 0.00002
1.00000 
8 0.00002
1.00000 
8 0.00002
1.00000 
8 0.00002
1.00000 
8 0.00002
0.75000 0.25000 
8 0.00002
0.75000 0.25000 
8 0.00002
0.75000 0.25000 
8 0.00002
0.75000 0.12500 0.12500 
8 0.00002
0.62500 0.37500 
8 0.00002
0.62500 0.25000 0.12500 
8 0.00002
0.50000 0.50000 
8 0.00002
0.50000 0.50000 
8 0.00002
0.50000 0.37500 0.12500 
7 0.00002
1.00000 
7 0.00002
1.00000 
7 0.00002
1.00000 
7 0.00002
1.00000 
7 0.00002
1.00000 
7 0.00002
1.00000 
7 0.00002
1.00000 
7 0.00002
1.00000 
7 0.00002
1.00000 
7 0.00002
1.00000 
7 0.00002
1.00000 
7 0.00002
1.00000 
7 0.00002
1.00000 
7 0.00002
1.00000 
7 0.00002
1.00000 
7 0.00002
1.00000 
7 0.00002
0.85714 0.14286 
7 0.00002
0.85714 0.14286 
7 0.00002
0.85714 0.14286 
7 0.00002
0.85714 0.14286 
7 0.00002
0.85714 0.14286 
7 0.00002
0.85714 0.14286 
7 0.00002
0.71429 0.28571 
7 0.00002
0.71429 0.28571 
7 0.00002
0.71429 0.28571 
7 0.00002
0.71429 0.28571 
7 0.00002
0.71429 0.28571 
7 0.00002
0.71429 0.28571 
7 0.00002
0.57143 0.42857 
7 0.00002
0.57143 0.28571 0.14286 
7 0.00002
0.57143 0.28571 0.14286 
6 0.00002
1.00000 
6 0.00002
1.00000 
6 0.00002
1.00000 
6 0.00002
1.00000 
6 0.00002
1.00000 
6 0.00002
1.00000 
6 0.00002
1.00000 
6 0.00002
1.00000 
6 0.00002
1.00000 
6 0.00002
1.00000 
6 0.00002
1.00000 
6 0.00002
1.00000 
6 0.00002
1.00000 
6 0.00002
1.00000 
6 0.00002
1.00000 
6 0.00002
1.00000 
6 0.00002
1.00000 
6 0.00002
1.00000 
6 0.00002
1.00000 
6 0.00002
1.00000 
6 0.00002
1.00000 
6 0.00002
1.00000 
6 0.00002
1.00000 
6 0.00002
1.00000 
6 0.00002
1.00000 
6 0.00002
1.00000 
6 0.00002
1.00000 
6 0.00002
1.00000 
6 0.00002
1.00000 
6 0.00002
1.00000 
6 0.00002
1.00000 
6 0.00002
1.00000 
6 0.00002
1.00000 
6 0.00002
1.00000 
6 0.00002
1.00000 
6 0.00002
1.00000 
6 0.00002
1.00000 
6 0.00002
1.00000 
6 0.00002
1.00000 
6 0.00002
1.00000 
6 0.00002
1.00000 
6 0.00002
1.00000 
6 0.00002
1.00000 
6 0.00002
1.00000 
6 0.00002
1.00000 
6 0.00002
1.00000 
6 0.00002
1.00000 
6 0.00002
1.00000 
6 0.00002
1.00000 
6 0.00002
1.00000 
6 0.00002
1.00000 
6 0.00002
1.00000 
6 0.00002
1.00000 
6 0.00002
1.00000 
6 0.00002
1.00000 
6 0.00002
1.00000 
6 0.00002
1.00000 
6 0.00002
1.00000 
6 0.00002
1.00000 
6 0.00002
1.00000 
6 0.00002
1.00000 
6 0.00002
1.00000 
6 0.00002
1.00000 
6 0.00002
1.00000 
6 0.00002
1.00000 
6 0.00002
1.00000 
6 0.00002
1.00000 
6 0.00002
1.00000 
6 0.00002
1.00000 
6 0.00002
1.00000 
6 0.00002
1.00000 
6 0.00002
0.83333 0.16667 
6 0.00002
0.83333 0.16667 
6 0.00002
0.83333 0.16667 
6 0.00002
0.83333 0.16667 
6 0.00002
0.83333 0.16667 
6 0.00002
0.66667 0.33333 
6 0.00002
0.66667 0.33333 
6 0.00002
0.66667 0.33333 
6 0.00002
0.66667 0.33333 
5 0.00001
1.00000 
5 0.00001
1.00000 
5 0.00001
1.00000 
5 0.00001
1.00000 
5 0.00001
1.00000 
5 0.00001
1.00000 
5 0.00001
1.00000 
5 0.00001
1.00000 
5 0.00001
1.00000 
5 0.00001
1.00000 
5 0.00001
1.00000 
5 0.00001
1.00000 
5 0.00001
1.00000 
5 0.00001
1.00000 
5 0.00001
1.00000 
5 0.00001
1.00000 
5 0.00001
1.00000 
5 0.00001
1.00000 
5 0.00001
1.00000 
5 0.00001
1.00000 
5 0.00001
1.00000 
5 0.00001
1.00000 
5 0.00001
1.00000 
5 0.00001
1.00000 
5 0.00001
1.00000 
5 0.00001
1.00000 
5 0.00001
1.00000 
5 0.00001
1.00000 
5 0.00001
0.80000 0.20000 
5 0.00001
0.80000 0.20000 
5 0.00001
0.80000 0.20000 
5 0.00001
0.80000 0.20000 
5 0.00001
0.80000 0.20000 
5 0.00001
0.80000 0.20000 
5 0.00001
0.80000 0.20000 
5 0.00001
0.60000 0.40000 
5 0.00001
0.60000 0.40000 
5 0.00001
0.60000 0.40000 
4 0.00001
1.00000 
4 0.00001
1.00000 
4 0.00001
1.00000 
4 0.00001
1.00000 
4 0.00001
1.00000 
4 0.00001
1.00000 
4 0.00001
1.00000 
4 0.00001
1.00000 
4 0.00001
1.00000 
4 0.00001
1.00000 
4 0.00001
1.00000 
4 0.00001
1.00000 
4 0.00001
1.00000 
4 0.00001
1.00000 
4 0.00001
1.00000 
4 0.00001
1.00000 
4 0.00001
1.00000 
4 0.00001
1.00000 
4 0.00001
1.00000 
4 0.00001
1.00000 
4 0.00001
1.00000 
4 0.00001
1.00000 
4 0.00001
1.00000 
4 0.00001
1.00000 
4 0.00001
1.00000 
4 0.00001
1.00000 
4 0.00001
1.00000 
4 0.00001
1.00000 
4 0.00001
1.00000 
4 0.00001
1.00000 
4 0.00001
1.00000 
4 0.00001
1.00000 
4 0.00001
1.00000 
4 0.00001
1.00000 
4 0.00001
1.00000 
4 0.00001
1.00000 
4 0.00001
1.00000 
4 0.00001
1.00000 
4 0.00001
1.00000 
4 0.00001
1.00000 
4 0.00001
1.00000 
4 0.00001
1.00000 
4 0.00001
1.00000 
4 0.00001
1.00000 
4 0.00001
1.00000 
4 0.00001
1.00000 
4 0.00001
1.00000 
4 0.00001
1.00000 
4 0.00001
1.00000 
4 0.00001
1.00000 
4 0.00001
1.00000 
4 0.00001
1.00000 
4 0.00001
1.00000 
4 0.00001
1.00000 
4 0.00001
1.00000 
4 0.00001
1.00000 
4 0.00001
1.00000 
4 0.00001
1.00000 
4 0.00001
1.00000 
4 0.00001
1.00000 
4 0.00001
1.00000 
4 0.00001
1.00000 
4 0.00001
1.00000 
4 0.00001
1.00000 
4 0.00001
1.00000 
4 0.00001
1.00000 
4 0.00001
1.00000 
4 0.00001
1.00000 
4 0.00001
1.00000 
4 0.00001
1.00000 
4 0.00001
1.00000 
4 0.00001
1.00000 
4 0.00001
1.00000 
4 0.00001
1.00000 
4 0.00001
1.00000 
4 0.00001
1.00000 
4 0.00001
1.00000 
4 0.00001
1.00000 
4 0.00001
1.00000 
4 0.00001
1.00000 
4 0.00001
1.00000 
4 0.00001
1.00000 
4 0.00001
1.00000 
4 0.00001
1.00000 
4 0.00001
1.00000 
4 0.00001
1.00000 
4 0.00001
1.00000 
4 0.00001
1.00000 
4 0.00001
1.00000 
4 0.00001
1.00000 
4 0.00001
1.00000 
4 0.00001
1.00000 
4 0.00001
1.00000 
4 0.00001
1.00000 
4 0.00001
1.00000 
4 0.00001
1.00000 
4 0.00001
1.00000 
4 0.00001
1.00000 
4 0.00001
1.00000 
4 0.00001
1.00000 
4 0.00001
1.00000 
4 0.00001
1.00000 
4 0.00001
1.00000 
4 0.00001
1.00000 
4 0.00001
1.00000 
4 0.00001
1.00000 
4 0.00001
1.00000 
4 0.00001
1.00000 
4 0.00001
1.00000 
4 0.00001
1.00000 
4 0.00001
1.00000 
4 0.00001
1.00000 
4 0.00001
1.00000 
4 0.00001
1.00000 
4 0.00001
1.00000 
4 0.00001
1.00000 
4 0.00001
1.00000 
4 0.00001
1.00000 
4 0.00001
1.00000 
4 0.00001
1.00000 
4 0.00001
1.00000 
4 0.00001
1.00000 
4 0.00001
1.00000 
4 0.00001
1.00000 
4 0.00001
1.00000 
4 0.00001
1.00000 
4 0.00001
1.00000 
4 0.00001
1.00000 
4 0.00001
1.00000 
4 0.00001
1.00000 
4 0.00001
0.75000 0.25000 
4 0.00001
0.75000 0.25000 
4 0.00001
0.75000 0.25000 
4 0.00001
0.75000 0.25000 
4 0.00001
0.75000 0.25000 
4 0.00001
0.50000 0.50000 
4 0.00001
0.50000 0.50000 
4 0.00001
0.50000 0.50000 
3 0.00001
1.00000 
3 0.00001
1.00000 
3 0.00001
1.00000 
3 0.00001
1.00000 
3 0.00001
1.00000 
3 0.00001
1.00000 
3 0.00001
1.00000 
3 0.00001
1.00000 
3 0.00001
1.00000 
3 0.00001
1.00000 
3 0.00001
1.00000 
3 0.00001
1.00000 
3 0.00001
1.00000 
3 0.00001
1.00000 
3 0.00001
1.00000 
3 0.00001
1.00000 
3 0.00001
1.00000 
3 0.00001
1.00000 
3 0.00001
1.00000 
3 0.00001
1.00000 
3 0.00001
1.00000 
3 0.00001
1.00000 
3 0.00001
1.00000 
3 0.00001
1.00000 
3 0.00001
1.00000 
3 0.00001
1.00000 
3 0.00001
1.00000 
3 0.00001
1.00000 
3 0.00001
1.00000 
3 0.00001
1.00000 
3 0.00001
1.00000 
3 0.00001
1.00000 
3 0.00001
1.00000 
3 0.00001
1.00000 
3 0.00001
1.00000 
3 0.00001
1.00000 
3 0.00001
1.00000 
3 0.00001
1.00000 
3 0.00001
1.00000 
3 0.00001
1.00000 
3 0.00001
1.00000 
3 0.00001
1.00000 
3 0.00001
1.00000 
3 0.00001
1.00000 
3 0.00001
1.00000 
3 0.00001
0.66667 0.33333 
3 0.00001
0.66667 0.33333 
3 0.00001
0.66667 0.33333 
3 0.00001
0.66667 0.33333 
3 0.00001
0.66667 0.33333 
3 0.00001
0.66667 0.33333 
3 0.00001
0.66667 0.33333 
2 0.00001
1.00000 
2 0.00001
1.00000 
2 0.00001
1.00000 
2 0.00001
1.00000 
2 0.00001
1.00000 
2 0.00001
1.00000 
2 0.00001
1.00000 
2 0.00001
1.00000 
2 0.00001
1.00000 
2 0.00001
1.00000 
2 0.00001
1.00000 
2 0.00001
1.00000 
2 0.00001
1.00000 
2 0.00001
1.00000 
2 0.00001
1.00000 
2 0.00001
1.00000 
2 0.00001
1.00000 
2 0.00001
1.00000 
2 0.00001
1.00000 
2 0.00001
1.00000 
2 0.00001
1.00000 
2 0.00001
1.00000 
2 0.00001
1.00000 
2 0.00001
1.00000 
2 0.00001
1.00000 
2 0.00001
1.00000 
2 0.00001
1.00000 
2 0.00001
1.00000 
2 0.00001
1.00000 
2 0.00001
1.00000 
2 0.00001
1.00000 
2 0.00001
1.00000 
2 0.00001
1.00000 
2 0.00001
1.00000 
2 0.00001
1.00000 
2 0.00001
1.00000 
2 0.00001
1.00000 
2 0.00001
1.00000 
2 0.00001
1.00000 
2 0.00001
1.00000 
2 0.00001
1.00000 
2 0.00001
1.00000 
2 0.00001
1.00000 
2 0.00001
1.00000 
2 0.00001
1.00000 
2 0.00001
1.00000 
2 0.00001
1.00000 
2 0.00001
1.00000 
2 0.00001
1.00000 
2 0.00001
1.00000 
2 0.00001
1.00000 
2 0.00001
1.00000 
2 0.00001
1.00000 
2 0.00001
1.00000 
2 0.00001
1.00000 
2 0.00001
1.00000 
2 0.00001
1.00000 
2 0.00001
1.00000 
2 0.00001
1.00000 
2 0.00001
1.00000 
2 0.00001
1.00000 
2 0.00001
1.00000 
2 0.00001
1.00000 
2 0.00001
1.00000 
2 0.00001
1.00000 
2 0.00001
1.00000 
2 0.00001
1.00000 
2 0.00001
1.00000 
2 0.00001
1.00000 
2 0.00001
1.00000 
2 0.00001
1.00000 
2 0.00001
1.00000 
2 0.00001
1.00000 
2 0.00001
1.00000 
2 0.00001
1.00000 
2 0.00001
1.00000 
2 0.00001
1.00000 
2 0.00001
1.00000 
2 0.00001
1.00000 
2 0.00001
1.00000 
2 0.00001
1.00000 
2 0.00001
1.00000 
2 0.00001
1.00000 
2 0.00001
1.00000 
2 0.00001
1.00000 
2 0.00001
1.00000 
2 0.00001
1.00000 
2 0.00001
1.00000 
2 0.00001
1.00000 
2 0.00001
1.00000 
2 0.00001
1.00000 
2 0.00001
1.00000 
2 0.00001
1.00000 
2 0.00001
1.00000 
2 0.00001
1.00000 
2 0.00001
1.00000 
2 0.00001
1.00000 
2 0.00001
1.00000 
2 0.00001
1.00000 
2 0.00001
1.00000 
2 0.00001
1.00000 
2 0.00001
1.00000 
2 0.00001
1.00000 
2 0.00001
1.00000 
2 0.00001
1.00000 
2 0.00001
1.00000 
2 0.00001
1.00000 
2 0.00001
1.00000 
2 0.00001
1.00000 
2 0.00001
1.00000 
2 0.00001
1.00000 
2 0.00001
1.00000 
2 0.00001
1.00000 
2 0.00001
1.00000 
2 0.00001
1.00000 
2 0.00001
1.00000 
2 0.00001
1.00000 
2 0.00001
1.00000 
2 0.00001
1.00000 
2 0.00001
1.00000 
2 0.00001
1.00000 
2 0.00001
1.00000 
2 0.00001
1.00000 
2 0.00001
1.00000 
2 0.00001
1.00000 
2 0.00001
1.00000 
2 0.00001
1.00000 
2 0.00001
1.00000 
2 0.00001
1.00000 
2 0.00001
1.00000 
2 0.00001
1.00000 
2 0.00001
1.00000 
2 0.00001
1.00000 
2 0.00001
1.00000 
2 0.00001
1.00000 
2 0.00001
1.00000 
2 0.00001
1.00000 
2 0.00001
1.00000 
2 0.00001
1.00000 
2 0.00001
1.00000 
2 0.00001
1.00000 
2 0.00001
1.00000 
2 0.00001
1.00000 
2 0.00001
1.00000 
2 0.00001
1.00000 
2 0.00001
1.00000 
2 0.00001
1.00000 
2 0.00001
1.00000 
2 0.00001
1.00000 
2 0.00001
1.00000 
2 0.00001
1.00000 
2 0.00001
1.00000 
2 0.00001
1.00000 
2 0.00001
1.00000 
2 0.00001
1.00000 
2 0.00001
1.00000 
2 0.00001
1.00000 
2 0.00001
1.00000 
2 0.00001
1.00000 
2 0.00001
1.00000 
2 0.00001
1.00000 
2 0.00001
1.00000 
2 0.00001
1.00000 
2 0.00001
1.00000 
2 0.00001
1.00000 
2 0.00001
1.00000 
2 0.00001
1.00000 
2 0.00001
1.00000 
2 0.00001
1.00000 
2 0.00001
1.00000 
2 0.00001
1.00000 
2 0.00001
1.00000 
2 0.00001
1.00000 
2 0.00001
1.00000 
2 0.00001
1.00000 
2 0.00001
1.00000 
2 0.00001
1.00000 
2 0.00001
1.00000 
2 0.00001
1.00000 
2 0.00001
1.00000 
2 0.00001
1.00000 
2 0.00001
1.00000 
2 0.00001
1.00000 
2 0.00001
1.00000 
2 0.00001
1.00000 
2 0.00001
1.00000 
2 0.00001
1.00000 
2 0.00001
1.00000 
2 0.00001
1.00000 
2 0.00001
1.00000 
2 0.00001
1.00000 
2 0.00001
1.00000 
2 0.00001
1.00000 
2 0.00001
1.00000 
2 0.00001
1.00000 
2 0.00001
1.00000 
2 0.00001
1.00000 
2 0.00001
1.00000 
2 0.00001
1.00000 
2 0.00001
1.00000 
2 0.00001
1.00000 
2 0.00001
1.00000 
2 0.00001
1.00000 
2 0.00001
1.00000 
2 0.00001
1.00000 
2 0.00001
1.00000 
2 0.00001
1.00000 
2 0.00001
1.00000 
2 0.00001
1.00000 
2 0.00001
1.00000 
2 0.00001
1.00000 
2 0.00001
1.00000 
2 0.00001
1.00000 
2 0.00001
1.00000 
2 0.00001
1.00000 
2 0.00001
1.00000 
2 0.00001
1.00000 
2 0.00001
1.00000 
2 0.00001
1.00000 
2 0.00001
1.00000 
2 0.00001
1.00000 
2 0.00001
1.00000 
2 0.00001
1.00000 
2 0.00001
1.00000 
2 0.00001
1.00000 
2 0.00001
1.00000 
2 0.00001
1.00000 
2 0.00001
1.00000 
2 0.00001
1.00000 
2 0.00001
1.00000 
2 0.00001
1.00000 
2 0.00001
1.00000 
2 0.00001
1.00000 
2 0.00001
1.00000 
2 0.00001
1.00000 
2 0.00001
1.00000 
2 0.00001
1.00000 
2 0.00001
1.00000 
2 0.00001
1.00000 
2 0.00001
1.00000 
2 0.00001
1.00000 
2 0.00001
1.00000 
2 0.00001
1.00000 
2 0.00001
1.00000 
2 0.00001
1.00000 
2 0.00001
1.00000 
2 0.00001
1.00000 
2 0.00001
1.00000 
2 0.00001
1.00000 
2 0.00001
1.00000 
2 0.00001
1.00000 
2 0.00001
1.00000 
2 0.00001
1.00000 
2 0.00001
1.00000 
2 0.00001
1.00000 
2 0.00001
1.00000 
2 0.00001
1.00000 
2 0.00001
0.50000 0.50000 
2 0.00001
0.50000 0.50000 
2 0.00001
0.50000 0.50000 
2 0.00001
0.50000 0.50000 
2 0.00001
0.50000 0.50000 
1 0.00000
1.00000 
1 0.00000
1.00000 
1 0.00000
1.00000 
1 0.00000
1.00000 
1 0.00000
1.00000 
1 0.00000
1.00000 
1 0.00000
1.00000 
1 0.00000
1.00000 
1 0.00000
1.00000 
1 0.00000
1.00000 
1 0.00000
1.00000 
1 0.00000
1.00000 
1 0.00000
1.00000 
1 0.00000
1.00000 
1 0.00000
1.00000 
1 0.00000
1.00000 
1 0.00000
1.00000 
1 0.00000
1.00000 
1 0.00000
1.00000 
1 0.00000
1.00000 
1 0.00000
1.00000 
1 0.00000
1.00000 
1 0.00000
1.00000 
1 0.00000
1.00000 
1 0.00000
1.00000 
1 0.00000
1.00000 
1 0.00000
1.00000 
1 0.00000
1.00000 
1 0.00000
1.00000 
1 0.00000
1.00000 
1 0.00000
1.00000 
1 0.00000
1.00000 
1 0.00000
1.00000 
1 0.00000
1.00000 
1 0.00000
1.00000 
1 0.00000
1.00000 
1 0.00000
1.00000 
1 0.00000
1.00000 
1 0.00000
1.00000 
1 0.00000
1.00000 
1 0.00000
1.00000 
1 0.00000
1.00000 
1 0.00000
1.00000 
1 0.00000
1.00000 
1 0.00000
1.00000 
1 0.00000
1.00000 
1 0.00000
1.00000 
1 0.00000
1.00000 
1 0.00000
1.00000 
1 0.00000
1.00000 
1 0.00000
1.00000 
1 0.00000
1.00000 
1 0.00000
1.00000 
1 0.00000
1.00000 
1 0.00000
1.00000 
1 0.00000
1.00000 
1 0.00000
1.00000 
1 0.00000
1.00000 
1 0.00000
1.00000 
1 0.00000
1.00000 
1 0.00000
1.00000 
1 0.00000
1.00000 
1 0.00000
1.00000 
1 0.00000
1.00000 
1 0.00000
1.00000 
1 0.00000
1.00000 
1 0.00000
1.00000 
1 0.00000
1.00000 
1 0.00000
1.00000 
1 0.00000
1.00000 
1 0.00000
1.00000 
1 0.00000
1.00000 
1 0.00000
1.00000 
1 0.00000
1.00000 
1 0.00000
1.00000 
1 0.00000
1.00000 
1 0.00000
1.00000 
1 0.00000
1.00000 
1 0.00000
1.00000 
1 0.00000
1.00000 
1 0.00000
1.00000 
1 0.00000
1.00000 
1 0.00000
1.00000 
1 0.00000
1.00000 
1 0.00000
1.00000 
1 0.00000
1.00000 
1 0.00000
1.00000 
1 0.00000
1.00000 
1 0.00000
1.00000 
1 0.00000
1.00000 
1 0.00000
1.00000 
1 0.00000
1.00000 
1 0.00000
1.00000 
1 0.00000
1.00000 
1 0.00000
1.00000 
1 0.00000
1.00000 
1 0.00000
1.00000 
1 0.00000
1.00000 
1 0.00000
1.00000 
1 0.00000
1.00000 
1 0.00000
1.00000 
1 0.00000
1.00000 
1 0.00000
1.00000 
1 0.00000
1.00000 
1 0.00000
1.00000 
1 0.00000
1.00000 
1 0.00000
1.00000 
1 0.00000
1.00000 
1 0.00000
1.00000 
1 0.00000
1.00000 
1 0.00000
1.00000 
1 0.00000
1.00000 
1 0.00000
1.00000 
1 0.00000
1.00000 
1 0.00000
1.00000 
1 0.00000
1.00000 
1 0.00000
1.00000 
1 0.00000
1.00000 
1 0.00000
1.00000 
1 0.00000
1.00000 
1 0.00000
1.00000 
1 0.00000
1.00000 
1 0.00000
1.00000 
1 0.00000
1.00000 
1 0.00000
1.00000 
1 0.00000
1.00000 
1 0.00000
1.00000 
1 0.00000
1.00000 
1 0.00000
1.00000 
1 0.00000
1.00000 
1 0.00000
1.00000 
1 0.00000
1.00000 
1 0.00000
1.00000 
1 0.00000
1.00000 
1 0.00000
1.00000 
1 0.00000
1.00000 
1 0.00000
1.00000 
1 0.00000
1.00000 
1 0.00000
1.00000 
1 0.00000
1.00000 
1 0.00000
1.00000 
1 0.00000
1.00000 
1 0.00000
1.00000 
1 0.00000
1.00000 
1 0.00000
1.00000 
1 0.00000
1.00000 
1 0.00000
1.00000 
1 0.00000
1.00000 
1 0.00000
1.00000 
1 0.00000
1.00000 
1 0.00000
1.00000 
1 0.00000
1.00000 
1 0.00000
1.00000 
1 0.00000
1.00000 
1 0.00000
1.00000 
1 0.00000
1.00000 
1 0.00000
1.00000 
1 0.00000
1.00000 
1 0.00000
1.00000 
1 0.00000
1.00000 
1 0.00000
1.00000 
1 0.00000
1.00000 
1 0.00000
1.00000 
1 0.00000
1.00000 
1 0.00000
1.00000 
1 0.00000
1.00000 
1 0.00000
1.00000 
1 0.00000
1.00000 
1 0.00000
1.00000 
1 0.00000
1.00000 
1 0.00000
1.00000 
1 0.00000
1.00000 
1 0.00000
1.00000 
1 0.00000
1.00000 
1 0.00000
1.00000 
1 0.00000
1.00000 
1 0.00000
1.00000 
1 0.00000
1.00000 
1 0.00000
1.00000 
1 0.00000
1.00000 
1 0.00000
1.00000 
1 0.00000
1.00000 
1 0.00000
1.00000 
1 0.00000
1.00000 
1 0.00000
1.00000 
1 0.00000
1.00000 
1 0.00000
1.00000 
1 0.00000
1.00000 
1 0.00000
1.00000 
1 0.00000
1.00000 
1 0.00000
1.00000 
1 0.00000
1.00000 
1 0.00000
1.00000 
1 0.00000
1.00000 
1 0.00000
1.00000 
1 0.00000
1.00000 
1 0.00000
1.00000 
1 0.00000
1.00000 
1 0.00000
1.00000 
1 0.00000
1.00000 
1 0.00000
1.00000 
1 0.00000
1.00000 
1 0.00000
1.00000 
1 0.00000
1.00000 
1 0.00000
1.00000 
1 0.00000
1.00000 
1 0.00000
1.00000 
1 0.00000
1.00000 
1 0.00000
1.00000 
1 0.00000
1.00000 
1 0.00000
1.00000 
1 0.00000
1.00000 
1 0.00000
1.00000 
1 0.00000
1.00000 
1 0.00000
1.00000 
1 0.00000
1.00000 
1 0.00000
1.00000 
1 0.00000
1.00000 
1 0.00000
1.00000 
1 0.00000
1.00000 
1 0.00000
1.00000 
1 0.00000
1.00000 
1 0.00000
1.00000 
1 0.00000
1.00000 
1 0.00000
1.00000 
1 0.00000
1.00000 
1 0.00000
1.00000 
1 0.00000
1.00000 
1 0.00000
1.00000 
1 0.00000
1.00000 
1 0.00000
1.00000 
1 0.00000
1.00000 
1 0.00000
1.00000 
1 0.00000
1.00000 
1 0.00000
1.00000 
1 0.00000
1.00000 
1 0.00000
1.00000 
1 0.00000
1.00000 
1 0.00000
1.00000 
1 0.00000
1.00000 
1 0.00000
1.00000 
1 0.00000
1.00000 
1 0.00000
1.00000 
1 0.00000
1.00000 
1 0.00000
1.00000 
1 0.00000
1.00000 
1 0.00000
1.00000 
1 0.00000
1.00000 
1 0.00000
1.00000 
1 0.00000
1.00000 
1 0.00000
1.00000 
1 0.00000
1.00000 
1 0.00000
1.00000 
1 0.00000
1.00000 
1 0.00000
1.00000 
