2526 1836
458
0 458 1.00000
1 458 1.00000
2 458 1.00000
3 458 1.00000
4 458 1.00000
5 458 1.00000
6 458 1.00000
7 458 1.00000
8 458 1.00000
9 458 1.00000
10 458 1.00000
11 458 1.00000
12 458 1.00000
13 458 1.00000
14 458 1.00000
15 458 1.00000
16 458 1.00000
17 458 1.00000
18 458 1.00000
19 458 1.00000
20 458 1.00000
21 458 1.00000
22 458 1.00000
23 458 1.00000
24 458 1.00000
25 458 1.00000
26 458 1.00000
27 458 1.00000
28 458 1.00000
29 458 1.00000
30 458 1.00000
31 458 1.00000
32 458 1.00000
33 458 1.00000
34 457 0.99782
35 457 0.99782
36 457 0.99782
37 456 0.99563
38 456 0.99563
39 456 0.99563
40 456 0.99563
41 455 0.99345
42 454 0.99127
43 453 0.98908
44 450 0.98253
45 449 0.98035
46 446 0.97380
47 443 0.96725
48 442 0.96507
49 439 0.95852
50 435 0.94978
51 431 0.94105
52 427 0.93231
53 421 0.91921
54 417 0.91048
55 409 0.89301
56 404 0.88210
57 401 0.87555
58 398 0.86900
59 393 0.85808
60 391 0.85371
61 389 0.84934
62 384 0.83843
63 381 0.83188
64 379 0.82751
65 376 0.82096
66 372 0.81223
67 369 0.80568
68 366 0.79913
69 361 0.78821
70 357 0.77948
71 351 0.76638
72 349 0.76201
73 346 0.75546
74 344 0.75109
75 343 0.74891
76 341 0.74454
77 338 0.73799
78 335 0.73144
79 333 0.72707
80 330 0.72052
81 324 0.70742
82 320 0.69869
83 315 0.68777
84 307 0.67031
85 304 0.66376
86 302 0.65939
87 296 0.64629
88 293 0.63974
89 287 0.62664
90 283 0.61790
91 278 0.60699
92 274 0.59825
93 269 0.58734
94 265 0.57860
95 257 0.56114
96 252 0.55022
97 245 0.53493
98 238 0.51965
99 227 0.49563
100 218 0.47598

