1
0 1
162 177 121
177 177 121
1
0 1
227 228 158
228 228 158
1
0 1
242 261 144
261 261 144
1
0 1
24 38 23
38 38 23
1
0 1
971 991 936
991 991 936
1
0 1
248 273 215
273 273 215
1
0 1
272 273 212
273 273 212
1
0 1
265 265 205
265 265 205
1
0 1
373 373 254
373 373 254
1
0 1
253 253 181
253 253 181
1
0 1
253 253 181
253 253 181
1
0 1
253 253 178
253 253 178
1
0 1
253 253 178
253 253 178
1
0 1
109 109 71
109 109 71
1
0 1
109 109 71
109 109 71
1
0 1
108 109 77
109 109 77
1
0 1
108 109 77
109 109 77
1
0 1
109 109 74
109 109 74
1
0 1
109 109 74
109 109 74
1
0 1
202 213 158
213 213 158
1
0 1
145 145 74
145 145 74
1
0 1
145 145 74
145 145 74
1
0 1
371 373 195
373 373 195
1
0 1
371 373 195
373 373 195
1
0 1
687 752 454
752 752 454
1
0 1
77 89 59
89 89 59
1
0 1
129 129 30
129 129 30
1
0 1
129 129 30
129 129 30
1
0 1
66 87 66
87 87 66
1
0 1
249 249 133
249 249 133
1
0 1
61 77 59
77 77 59
1
0 1
64 80 62
80 80 62
1
0 1
253 261 46
261 261 46
1
0 1
359 373 244
373 373 244
1
0 1
151 189 105
189 189 105
1
0 1
296 298 190
297 298 190
1
0 1
263 265 136
265 265 136
1
0 1
248 249 168
249 249 168
1
0 1
261 287 216
287 287 216
1
0 1
33 41 27
41 41 27
1
0 1
333 333 236
333 333 236
1
0 1
116 126 81
126 126 81
1
0 1
45 62 26
62 62 26
1
0 1
187 205 146
205 205 146
1
0 1
511 511 346
511 511 346
1
0 1
209 209 142
209 209 142
1
0 1
267 267 111
267 267 111
1
0 1
63 63 31
63 63 31
1
0 1
494 544 388
544 544 388
1
0 1
375 375 192
375 375 192
1
0 1
71 112 71
111 112 71
1
0 1
88 112 81
111 112 81
1
0 1
237 249 126
249 249 126
1
0 1
16 32 8
32 32 8
1
0 1
204 250 125
250 250 125
1
0 1
161 161 96
161 161 96
1
0 1
54 55 23
55 55 23
1
0 1
83 89 47
89 89 47
1
0 1
83 192 0
192 192 0
1
0 1
123 123 3
123 123 3
1
0 1
509 522 359
521 522 359
1
0 1
66 66 21
66 66 21
1
0 1
41 55 33
55 55 33
1
0 1
41 55 31
55 55 31
1
0 1
30 40 26
40 40 26
1
0 1
194 194 118
194 194 118
1
0 1
36 36 19
36 36 19
1
0 1
424 424 278
424 424 278
1
0 1
141 145 65
145 145 65
1
0 1
125 125 83
125 125 83
1
0 1
104 109 45
109 109 45
1
0 1
143 144 81
144 144 81
1
0 1
128 128 90
128 128 90
1
0 1
129 129 67
129 129 67
1
0 1
172 172 75
172 172 75
1
0 1
194 201 131
201 201 131
1
0 1
25 59 23
59 59 23
1
0 1
287 288 195
288 288 195
1
0 1
127 127 63
127 127 63
1
0 1
89 127 61
127 127 61
1
0 1
16 16 10
16 16 10
1
0 1
16 33 16
33 33 16
1
0 1
183 183 135
183 183 135
1
0 1
1173 1173 412
1173 1173 412
1
0 1
1173 1173 401
1173 1173 401
1
0 1
179 191 117
191 191 117
1
0 1
157 169 112
169 169 112
1
0 1
262 273 142
273 273 142
1
0 1
172 293 145
293 293 145
1
0 1
79 79 42
79 79 42
1
0 1
111 123 67
123 123 67
1
0 1
85 128 85
128 128 85
1
0 1
169 173 84
173 173 84
1
0 1
170 175 92
175 175 92
1
0 1
339 389 192
389 389 192
1
0 1
39 63 35
63 63 35
1
0 1
29 33 21
33 33 21
1
0 1
189 253 173
253 253 173
1
0 1
385 385 259
385 385 259
1
0 1
385 385 227
385 385 227
1
0 1
126 127 63
127 127 63
1
0 1
60 60 22
60 60 22
0
