1
0 1
2263 2435 1119
2433 2435 1119
1
0 1
2487 2497 1603
2497 2497 1603
1
0 1
389 513 228
453 513 228
1
0 1
961 961 619
961 961 619
1
0 1
60 191 86
191 191 86
1
0 1
60 192 87
192 192 87
1
0 1
133 177 121
177 177 121
1
0 1
494 706 418
584 706 418
1
0 1
593 593 306
593 593 306
1
0 1
199 255 127
255 255 127
1
0 1
595 753 552
753 753 552
1
0 1
151 271 143
271 271 143
1
0 1
159 257 199
241 257 199
1
0 1
158 261 144
255 261 144
1
0 1
0 321 0
0 321 0
1
0 1
415 703 474
703 703 474
1
0 1
2 198 14
197 198 14
1
0 1
100 241 119
100 241 119
1
0 1
156 228 158
228 228 158
1
0 1
425 783 402
783 783 402
1
0 1
580 952 519
952 952 519
1
0 1
744 952 612
952 952 612
1
0 1
353 641 320
641 641 320
1
0 1
780 897 480
878 897 480
1
0 1
127 379 20
301 379 20
1
0 1
613 613 389
613 613 389
1
0 1
654 849 417
654 849 417
1
0 1
2037 2105 98
2105 2105 98
1
0 1
258 385 247
266 385 247
1
0 1
1037 1113 731
1105 1113 731
1
0 1
648 1009 756
993 1009 756
1
0 1
288 372 82
372 372 82
1
0 1
1389 1987 1115
1977 1987 1115
1
0 1
1251 1257 868
1251 1257 868
1
0 1
1073 1257 953
1251 1257 953
1
0 1
695 695 362
695 695 362
1
0 1
30 38 23
38 38 23
1
0 1
936 991 23
936 991 23
1
0 1
310 623 395
619 623 395
1
0 1
1037 1197 941
1197 1197 941
1
0 1
1047 1197 957
1197 1197 957
1
0 1
219 467 31
467 467 31
1
0 1
1327 3241 16
3217 3241 16
1
0 1
941 3241 144
3217 3241 144
1
0 1
491 897 460
897 897 460
1
0 1
809 897 502
897 897 502
1
0 1
1001 1037 781
1037 1037 781
1
0 1
1543 1567 943
1567 1567 943
1
0 1
191 273 215
273 273 215
1
0 1
209 273 212
273 273 212
1
0 1
193 265 205
265 265 205
1
0 1
271 271 143
271 271 143
1
0 1
684 864 395
864 864 395
1
0 1
975 1391 1108
1231 1391 1108
1
0 1
807 807 319
807 807 319
1
0 1
223 253 184
253 253 184
1
0 1
223 253 184
253 253 184
1
0 1
199 253 182
253 253 182
1
0 1
199 253 182
253 253 182
1
0 1
200 253 181
253 253 181
1
0 1
200 253 181
253 253 181
1
0 1
221 253 178
253 253 178
1
0 1
221 253 178
253 253 178
1
0 1
67 109 71
109 109 71
1
0 1
67 109 71
109 109 71
1
0 1
99 109 77
109 109 77
1
0 1
99 109 77
109 109 77
1
0 1
105 109 74
109 109 74
1
0 1
105 109 74
109 109 74
1
0 1
269 551 286
539 551 286
1
0 1
269 551 286
539 551 286
1
0 1
151 305 37
304 305 37
1
0 1
151 305 37
304 305 37
1
0 1
1229 2179 1105
2133 2179 1105
1
0 1
1418 1721 1291
1701 1721 1291
1
0 1
329 373 254
373 373 254
1
0 1
1142 1910 975
1805 1910 975
1
0 1
1142 1910 975
1805 1910 975
1
0 1
881 957 667
957 957 667
1
0 1
881 957 667
957 957 667
1
0 1
694 957 527
957 957 527
1
0 1
175 213 158
213 213 158
1
0 1
608 789 234
655 789 234
1
0 1
608 789 234
655 789 234
1
0 1
77 145 74
145 145 74
1
0 1
77 145 74
145 145 74
1
0 1
17 512 4
492 512 4
1
0 1
17 512 4
492 512 4
1
0 1
282 373 195
373 373 195
1
0 1
282 373 195
373 373 195
1
0 1
927 1093 777
997 1093 777
1
0 1
416 752 481
490 752 481
1
0 1
77 89 59
89 89 59
1
0 1
553 857 496
857 857 496
1
0 1
1378 2813 1810
1801 2813 1810
1
0 1
22 129 30
129 129 30
1
0 1
22 129 30
129 129 30
1
0 1
794 1576 791
1576 1576 791
1
0 1
794 1576 791
1576 1576 791
1
0 1
806 1612 797
1506 1612 797
1
0 1
806 1612 797
1506 1612 797
1
0 1
126 157 5
156 157 5
1
0 1
126 157 5
156 157 5
1
0 1
620 1508 744
1146 1508 744
1
0 1
620 1508 744
1146 1508 744
1
0 1
677 760 569
725 760 569
1
0 1
229 348 37
245 348 37
1
0 1
1091 1359 729
1359 1359 729
1
0 1
1051 1359 709
1359 1359 709
1
0 1
444 1151 509
510 1151 509
1
0 1
751 1151 767
1151 1151 767
1
0 1
1200 1200 952
1200 1200 952
1
0 1
273 703 108
703 703 108
1
0 1
405 703 294
703 703 294
1
0 1
563 703 513
703 703 513
1
0 1
969 1081 534
1063 1081 534
1
0 1
699 1665 832
1665 1665 832
1
0 1
925 1537 827
1027 1537 827
1
0 1
385 385 193
385 385 193
1
0 1
386 386 194
386 386 194
1
0 1
463 529 400
529 529 400
1
0 1
405 481 360
481 481 360
1
0 1
1791 2185 1538
2185 2185 1538
1
0 1
1791 2185 1538
2185 2185 1538
1
0 1
1899 2434 1225
2289 2434 1225
1
0 1
507 641 107
507 641 107
1
0 1
513 641 112
513 641 112
1
0 1
2407 2513 1877
2445 2513 1877
1
0 1
1243 1697 932
1589 1697 932
1
0 1
100 159 95
155 159 95
1
0 1
319 527 151
422 527 151
1
0 1
0 288 0
0 288 0
1
0 1
87 87 66
87 87 66
1
0 1
384 1025 511
1023 1025 511
1
0 1
0 1025 0
0 1025 0
1
0 1
89 447 139
89 447 139
1
0 1
1250 1521 914
1521 1521 914
1
0 1
391 413 212
413 413 212
1
0 1
211 249 133
249 249 133
1
0 1
325 689 344
689 689 344
1
0 1
143 143 91
143 143 91
1
0 1
143 143 91
143 143 91
1
0 1
182 639 319
639 639 319
1
0 1
184 642 322
642 642 322
1
0 1
55 77 59
77 77 59
1
0 1
58 80 62
80 80 62
1
0 1
87 337 0
337 337 0
1
0 1
24 441 8
441 441 8
1
0 1
213 335 246
335 335 246
1
0 1
133 261 46
261 261 46
1
0 1
286 379 254
377 379 254
1
0 1
27 225 33
225 225 33
1
0 1
1521 1807 1253
1523 1807 1253
1
0 1
1316 1510 1009
1482 1510 1009
1
0 1
794 1506 762
1506 1506 762
1
0 1
525 525 274
525 525 274
1
0 1
206 544 320
544 544 320
1
0 1
464 464 368
464 464 368
1
0 1
104 127 15
119 127 15
1
0 1
311 425 336
319 425 336
1
0 1
311 425 336
319 425 336
1
0 1
309 433 282
433 433 282
1
0 1
309 433 282
433 433 282
1
0 1
223 241 157
231 241 157
1
0 1
1233 1761 964
1269 1761 964
1
0 1
1215 1215 671
1215 1215 671
1
0 1
1679 2017 1512
2017 2017 1512
1
0 1
1207 2017 1512
2017 2017 1512
1
0 1
294 373 244
373 373 244
1
0 1
80 189 105
165 189 105
1
0 1
1765 1765 1006
1765 1765 1006
1
0 1
386 427 257
426 427 257
1
0 1
429 1558 848
1221 1558 848
1
0 1
980 1282 773
1282 1282 773
1
0 1
450 472 354
466 472 354
1
0 1
953 1034 626
1033 1034 626
1
0 1
221 298 190
289 298 190
1
0 1
301 511 263
507 511 263
1
0 1
1137 2433 1632
2433 2433 1632
1
0 1
197 265 136
259 265 136
1
0 1
209 249 168
245 249 168
1
0 1
211 287 211
233 287 211
1
0 1
215 255 191
255 255 191
1
0 1
31 41 26
37 41 26
1
0 1
1782 2175 1491
2175 2175 1491
1
0 1
1211 1233 787
1211 1233 787
1
0 1
286 381 257
367 381 257
1
0 1
256 333 236
333 333 236
1
0 1
94 265 103
205 265 103
1
0 1
898 1318 680
1304 1318 680
1
0 1
684 1119 710
1119 1119 710
1
0 1
1297 1955 1021
1941 1955 1021
1
0 1
26 72 0
26 72 0
1
0 1
1149 1945 1205
1945 1945 1205
1
0 1
106 126 81
126 126 81
1
0 1
596 596 226
596 596 226
1
0 1
484 563 63
490 563 63
1
0 1
484 563 63
490 563 63
1
0 1
2 62 26
62 62 26
1
0 1
61 194 109
180 194 109
1
0 1
13 2841 16
2833 2841 16
1
0 1
343 2841 20
1433 2841 20
1
0 1
169 205 146
205 205 146
1
0 1
293 479 255
479 479 255
1
0 1
1066 1732 1129
1532 1732 1129
1
0 1
1066 1732 1129
1532 1732 1129
1
0 1
5 189 6
189 189 6
1
0 1
370 505 127
505 505 127
1
0 1
498 761 100
666 761 100
1
0 1
1067 1525 1068
1329 1525 1068
1
0 1
1097 1525 992
1513 1525 992
1
0 1
319 545 259
337 545 259
1
0 1
927 987 608
927 987 608
1
0 1
359 511 346
511 511 346
1
0 1
512 1791 935
1791 1791 935
1
0 1
1231 1921 1088
1569 1921 1088
1
0 1
195 209 142
209 209 142
1
0 1
1403 1713 806
1641 1713 806
1
0 1
1447 1713 806
1685 1713 806
1
0 1
175 271 139
271 271 139
1
0 1
51 600 325
600 600 325
1
0 1
761 889 558
889 889 558
1
0 1
800 856 251
856 856 251
1
0 1
369 411 173
383 411 173
1
0 1
207 255 129
255 255 129
1
0 1
765 765 585
765 765 585
1
0 1
391 662 440
657 662 440
1
0 1
98 267 111
267 267 111
1
0 1
1393 2177 1573
1589 2177 1573
1
0 1
192 771 156
643 771 156
1
0 1
847 1217 622
1135 1217 622
1
0 1
867 1217 663
1141 1217 663
1
0 1
31 63 31
63 63 31
1
0 1
885 1013 508
885 1013 508
1
0 1
875 1013 714
919 1013 714
1
0 1
1699 2222 1675
1865 2222 1675
1
0 1
252 270 175
270 270 175
1
0 1
717 895 623
895 895 623
1
0 1
1287 1537 976
1537 1537 976
1
0 1
369 383 191
383 383 191
1
0 1
353 647 320
641 647 320
1
0 1
251 255 23
255 255 23
1
0 1
1182 1573 1200
1335 1573 1200
1
0 1
1851 2799 1458
2799 2799 1458
1
0 1
830 1711 1038
1339 1711 1038
1
0 1
857 857 506
857 857 506
1
0 1
272 544 356
528 544 356
1
0 1
400 544 396
480 544 396
1
0 1
1364 1583 1019
1447 1583 1019
1
0 1
809 2044 556
2033 2044 556
1
0 1
173 2044 556
2033 2044 556
1
0 1
210 230 29
210 230 29
1
0 1
245 375 192
375 375 192
1
0 1
936 991 287
936 991 287
1
0 1
1471 1688 809
1667 1688 809
1
0 1
442 629 465
629 629 465
1
0 1
498 629 477
629 629 477
1
0 1
593 629 487
629 629 487
1
0 1
321 569 369
569 569 369
1
0 1
466 569 427
569 569 427
1
0 1
545 569 433
569 569 433
1
0 1
498 761 507
761 761 507
1
0 1
650 761 601
761 761 601
1
0 1
725 761 589
761 761 589
1
0 1
582 853 609
853 853 609
1
0 1
717 853 623
853 853 623
1
0 1
825 853 621
853 853 621
1
0 1
404 1494 742
1244 1494 742
1
0 1
269 417 176
417 417 176
1
0 1
9597 10529 2945
10495 10529 2945
1
0 1
9597 10529 2945
10495 10529 2945
1
0 1
336 525 387
408 525 387
1
0 1
64 112 69
67 112 69
1
0 1
80 112 81
86 112 81
1
0 1
231 317 233
311 317 233
1
0 1
283 317 232
303 317 232
1
0 1
390 625 449
439 625 449
1
0 1
296 517 365
517 517 365
1
0 1
477 525 393
525 525 393
1
0 1
1605 2117 933
1605 2117 933
1
0 1
529 673 480
673 673 480
1
0 1
323 527 129
527 527 129
1
0 1
325 527 130
527 527 130
1
0 1
635 703 393
703 703 393
1
0 1
955 1017 170
1013 1017 170
1
0 1
143 143 71
143 143 71
1
0 1
486 564 167
564 564 167
1
0 1
609 849 445
849 849 445
1
0 1
2481 2561 1518
2561 2561 1518
1
0 1
1795 2047 1041
2043 2047 1041
1
0 1
159 249 126
249 249 126
1
0 1
1073 1305 677
1269 1305 677
1
0 1
650 1319 561
650 1319 561
1
0 1
1109 1319 660
1313 1319 660
1
0 1
817 1037 693
1021 1037 693
1
0 1
817 1037 693
1021 1037 693
1
0 1
12 32 8
24 32 8
1
0 1
903 1089 775
1089 1089 775
1
0 1
2005 2047 90
2023 2047 90
1
0 1
1561 1578 828
1561 1578 828
1
0 1
281 767 445
767 767 445
1
0 1
273 761 439
761 761 439
1
0 1
1025 1041 579
1025 1041 579
1
0 1
379 701 370
489 701 370
1
0 1
937 945 360
945 945 360
1
0 1
1809 2264 192
2257 2264 192
1
0 1
1809 2264 192
2257 2264 192
1
0 1
1705 1937 1480
1905 1937 1480
1
0 1
97 161 96
97 161 96
1
0 1
1153 1153 802
1153 1153 802
1
0 1
1149 1159 731
1149 1159 731
1
0 1
797 945 621
915 945 621
1
0 1
999 1003 534
999 1003 534
1
0 1
551 1003 534
911 1003 534
1
0 1
859 1359 696
1027 1359 696
1
0 1
119 119 71
119 119 71
1
0 1
829 977 568
829 977 568
1
0 1
1807 2417 1552
2159 2417 1552
1
0 1
482 579 182
578 579 182
1
0 1
741 1167 591
813 1167 591
1
0 1
324 368 290
368 368 290
1
0 1
1261 1617 884
1617 1617 884
1
0 1
1541 1818 966
1793 1818 966
1
0 1
473 509 172
509 509 172
1
0 1
1327 1391 772
1327 1391 772
1
0 1
565 897 308
817 897 308
1
0 1
29 55 23
55 55 23
1
0 1
781 855 378
781 855 378
1
0 1
849 855 396
849 855 396
1
0 1
1465 1625 1070
1597 1625 1070
1
0 1
104 250 125
248 250 125
1
0 1
469 705 360
469 705 360
1
0 1
1333 1889 591
1889 1889 591
1
0 1
336 580 294
566 580 294
1
0 1
597 1215 413
1115 1215 413
1
0 1
167 259 66
256 259 66
1
0 1
95 95 47
95 95 47
1
0 1
16 89 47
89 89 47
1
0 1
1780 2573 1746
2104 2573 1746
1
0 1
2606 2606 944
2606 2606 944
1
0 1
254 256 12
256 256 12
1
0 1
1041 1041 790
1041 1041 790
1
0 1
1537 2665 1589
2421 2665 1589
1
0 1
9 192 0
192 192 0
1
0 1
2685 2817 1912
2729 2817 1912
1
0 1
265 377 80
305 377 80
1
0 1
1 123 3
123 123 3
1
0 1
105 128 10
109 128 10
1
0 1
759 833 375
833 833 375
1
0 1
725 833 375
801 833 375
1
0 1
965 1086 727
1081 1086 727
1
0 1
1915 1961 1249
1961 1961 1249
1
0 1
1583 1961 1317
1961 1961 1317
1
0 1
385 522 359
507 522 359
1
0 1
237 251 138
251 251 138
1
0 1
39 66 21
66 66 21
1
0 1
19 55 33
55 55 33
1
0 1
11 55 31
55 55 31
1
0 1
24 40 26
40 40 26
1
0 1
597 765 529
701 765 529
1
0 1
1409 2823 1408
2823 2823 1408
1
0 1
0 384 128
384 384 128
1
0 1
0 385 130
385 385 130
1
0 1
146 194 118
194 194 118
1
0 1
32 36 19
36 36 19
1
0 1
805 1601 604
1281 1601 604
1
0 1
892 964 445
916 964 445
1
0 1
892 964 445
916 964 445
1
0 1
416 424 278
424 424 278
1
0 1
665 1409 750
672 1409 750
1
0 1
1051 1467 842
1455 1467 842
1
0 1
416 493 32
428 493 32
1
0 1
71 102 0
101 102 0
1
0 1
383 2225 1148
2223 2225 1148
1
0 1
0 1632 0
1632 1632 0
1
0 1
1257 1529 972
1529 1529 972
1
0 1
68 128 16
128 128 16
1
0 1
1583 1663 61
1613 1663 61
1
0 1
1549 1663 116
1617 1663 116
1
0 1
166 253 125
194 253 125
1
0 1
83 413 230
413 413 230
1
0 1
161 413 275
413 413 275
1
0 1
685 1023 734
903 1023 734
1
0 1
233 385 206
385 385 206
1
0 1
713 1141 529
927 1141 529
1
0 1
289 569 300
569 569 300
1
0 1
240 311 74
242 311 74
1
0 1
242 311 74
247 311 74
1
0 1
83 145 65
145 145 65
1
0 1
105 125 83
125 125 83
1
0 1
351 841 275
841 841 275
1
0 1
57 109 45
109 109 45
1
0 1
1046 1728 0
1174 1728 0
1
0 1
470 588 294
502 588 294
1
0 1
965 1761 913
1601 1761 913
1
0 1
190 719 359
719 719 359
1
0 1
190 720 360
720 720 360
1
0 1
191 721 361
721 721 361
1
0 1
276 575 287
575 575 287
1
0 1
80 128 0
128 128 0
1
0 1
128 128 64
128 128 64
1
0 1
80 128 0
128 128 0
1
0 1
913 1631 893
1631 1631 893
1
0 1
949 1002 128
971 1002 128
1
0 1
1233 1261 332
1233 1261 332
1
0 1
357 511 319
501 511 319
1
0 1
1001 1153 762
1001 1153 762
1
0 1
98 144 81
144 144 81
1
0 1
116 128 90
120 128 90
1
0 1
99 129 60
103 129 60
1
0 1
110 172 75
172 172 75
1
0 1
85 337 0
337 337 0
1
0 1
329 656 403
425 656 403
1
0 1
127 201 131
165 201 131
1
0 1
2180 2510 1753
2506 2510 1753
1
0 1
387 591 391
387 591 391
1
0 1
575 591 403
591 591 403
1
0 1
14 59 23
59 59 23
1
0 1
875 1569 638
1313 1569 638
1
0 1
223 384 213
319 384 213
1
0 1
788 1089 663
1089 1089 663
1
0 1
526 881 440
881 881 440
1
0 1
527 881 478
881 881 478
1
0 1
208 288 195
288 288 195
1
0 1
20 609 0
609 609 0
1
0 1
1629 2091 1427
2091 2091 1427
1
0 1
99 127 63
125 127 63
1
0 1
147 321 212
321 321 212
1
0 1
522 1199 646
584 1199 646
1
0 1
128 144 0
128 144 0
1
0 1
56 127 61
127 127 61
1
0 1
1215 2881 930
2865 2881 930
1
0 1
15 16 0
15 16 0
1
0 1
0 33 16
33 33 16
1
0 1
692 1043 552
1042 1043 552
1
0 1
813 1528 756
1527 1528 756
1
0 1
1860 2179 1521
2149 2179 1521
1
0 1
177 183 135
183 183 135
1
0 1
1 241 60
241 241 60
1
0 1
59 241 60
241 241 60
1
0 1
1 241 0
241 241 0
1
0 1
1 241 0
241 241 0
1
0 1
2101 2417 1640
2169 2417 1640
1
0 1
590 761 372
673 761 372
1
0 1
590 761 372
673 761 372
1
0 1
377 385 273
385 385 273
1
0 1
113 192 0
173 192 0
1
0 1
1193 1678 891
1675 1678 891
1
0 1
370 383 95
382 383 95
1
0 1
132 477 186
477 477 186
1
0 1
536 894 575
748 894 575
1
0 1
289 894 330
893 894 330
1
0 1
994 1006 547
1006 1006 547
1
0 1
1035 2329 1267
2033 2329 1267
1
0 1
1809 1809 911
1809 1809 911
1
0 1
1909 2000 1309
1935 2000 1309
1
0 1
897 1333 971
1185 1333 971
1
0 1
1173 1173 412
1173 1173 412
1
0 1
1173 1173 401
1173 1173 401
1
0 1
159 191 117
191 191 117
1
0 1
247 319 159
319 319 159
1
0 1
239 319 159
319 319 159
1
0 1
1001 1125 703
1125 1125 703
1
0 1
1327 1343 31
1343 1343 31
1
0 1
2009 2389 1763
2271 2389 1763
1
0 1
1947 3425 2176
2993 3425 2176
1
0 1
1947 3425 2176
2993 3425 2176
1
0 1
2115 3425 2174
2871 3425 2174
1
0 1
274 3535 1767
3453 3535 1767
1
0 1
482 1917 758
1729 1917 758
1
0 1
183 1100 14
1100 1100 14
1
0 1
293 492 251
483 492 251
1
0 1
765 1025 470
893 1025 470
1
0 1
260 365 188
307 365 188
1
0 1
187 511 343
332 511 343
1
0 1
1113 1481 835
1297 1481 835
1
0 1
512 1023 575
512 1023 575
1
0 1
139 169 112
169 169 112
1
0 1
521 523 344
521 523 344
1
0 1
825 1089 604
1089 1089 604
1
0 1
577 760 496
757 760 496
1
0 1
298 434 300
427 434 300
1
0 1
25 125 67
125 125 67
1
0 1
761 895 495
895 895 495
1
0 1
1795 2389 1673
2191 2389 1673
1
0 1
653 969 752
937 969 752
1
0 1
480 844 528
841 844 528
1
0 1
709 844 544
841 844 544
1
0 1
1023 1231 690
1175 1231 690
1
0 1
179 273 142
261 273 142
1
0 1
108 293 145
287 293 145
1
0 1
2573 3193 2046
3193 3193 2046
1
0 1
351 505 324
505 505 324
1
0 1
403 1409 521
1409 1409 521
1
0 1
626 1233 520
750 1233 520
1
0 1
1205 1697 912
1215 1697 912
1
0 1
251 641 331
373 641 331
1
0 1
668 2832 51
1766 2832 51
1
0 1
32 2832 16
2128 2832 16
1
0 1
1203 1873 567
1408 1873 567
1
0 1
1165 1215 31
1185 1215 31
1
0 1
1097 1169 672
1133 1169 672
1
0 1
1643 2129 1217
2083 2129 1217
1
0 1
1128 1441 839
1218 1441 839
1
0 1
1262 2047 1296
1789 2047 1296
1
0 1
683 1023 559
943 1023 559
1
0 1
727 1087 593
1007 1087 593
1
0 1
559 767 433
591 767 433
1
0 1
453 767 450
687 767 450
1
0 1
197 343 180
343 343 180
1
0 1
903 1183 615
1183 1183 615
1
0 1
29 79 42
79 79 42
1
0 1
669 1473 903
1057 1473 903
1
0 1
205 385 0
384 385 0
1
0 1
307 760 381
382 760 381
1
0 1
1041 1162 726
1153 1162 726
1
0 1
1067 1533 781
1461 1533 781
1
0 1
1139 1533 801
1509 1533 801
1
0 1
295 349 98
349 349 98
1
0 1
69 123 67
113 123 67
1
0 1
168 177 20
177 177 20
1
0 1
1157 1333 787
1311 1333 787
1
0 1
60 1728 545
1596 1728 545
1
0 1
675 833 528
827 833 528
1
0 1
253 529 294
509 529 294
1
0 1
993 1037 38
1028 1037 38
1
0 1
1115 1169 596
1165 1169 596
1
0 1
326 330 11
330 330 11
1
0 1
128 128 85
128 128 85
1
0 1
1070 1650 930
1648 1650 930
1
0 1
100 143 15
118 143 15
1
0 1
123 143 36
127 143 36
1
0 1
53 125 33
125 125 33
1
0 1
1379 1379 861
1379 1379 861
1
0 1
1379 1379 853
1379 1379 853
1
0 1
0 195 0
195 195 0
1
0 1
113 173 85
139 173 85
1
0 1
118 175 93
156 175 93
1
0 1
231 389 192
389 389 192
1
0 1
239 647 339
647 647 339
1
0 1
491 971 651
971 971 651
1
0 1
1015 1441 592
1253 1441 592
1
0 1
519 785 423
785 785 423
1
0 1
153 468 186
462 468 186
1
0 1
20 63 35
59 63 35
1
0 1
10 33 21
33 33 21
1
0 1
272 1023 517
1023 1023 517
1
0 1
871 876 490
871 876 490
1
0 1
534 569 56
568 569 56
1
0 1
166 257 119
255 257 119
1
0 1
213 472 196
362 472 196
1
0 1
332 472 265
430 472 265
1
0 1
1549 2385 1744
1669 2385 1744
1
0 1
470 1021 563
749 1021 563
1
0 1
228 326 222
326 326 222
1
0 1
1829 2909 2121
2909 2909 2121
1
0 1
1587 2319 1809
2319 2319 1809
1
0 1
2514 3590 2653
2742 3590 2653
1
0 1
347 583 397
405 583 397
1
0 1
522 583 445
582 583 445
1
0 1
1142 2213 1604
2143 2213 1604
1
0 1
1681 1681 1104
1681 1681 1104
1
0 1
631 1201 738
1193 1201 738
1
0 1
127 253 172
205 253 172
1
0 1
427 639 329
639 639 329
1
0 1
658 1445 894
1035 1445 894
1
0 1
312 639 319
639 639 319
1
0 1
240 253 16
240 253 16
1
0 1
313 813 300
757 813 300
1
0 1
446 1053 290
570 1053 290
1
0 1
446 1053 290
570 1053 290
1
0 1
2665 2945 2104
2665 2945 2104
1
0 1
800 1277 933
1101 1277 933
1
0 1
8 3344 16
3344 3344 16
1
0 1
33 91 29
90 91 29
1
0 1
143 285 183
285 285 183
1
0 1
30 453 0
453 453 0
1
0 1
157 453 224
453 453 224
1
0 1
1467 1682 1008
1675 1682 1008
1
0 1
2985 3693 2246
3689 3693 2246
1
0 1
14 88 6
64 88 6
1
0 1
14 88 6
64 88 6
1
0 1
929 945 499
945 945 499
1
0 1
282 385 257
374 385 257
1
0 1
1221 1745 880
1505 1745 880
1
0 1
1473 1713 1328
1537 1713 1328
1
0 1
480 2049 1209
1203 2049 1209
1
0 1
857 1273 875
857 1273 875
1
0 1
1111 1759 879
1111 1759 879
1
0 1
483 897 520
781 897 520
1
0 1
1133 1165 42
1165 1165 42
1
0 1
0 1152 66
1152 1152 66
1
0 1
587 799 479
769 799 479
1
0 1
611 799 425
647 799 425
1
0 1
303 1562 557
1520 1562 557
1
0 1
288 1562 598
1538 1562 598
1
0 1
4 161 16
130 161 16
1
0 1
505 577 288
577 577 288
1
0 1
353 815 298
745 815 298
1
0 1
703 1273 777
1245 1273 777
1
0 1
522 637 457
633 637 457
1
0 1
299 639 363
299 639 363
1
0 1
217 385 227
385 385 227
1
0 1
174 281 198
281 281 198
1
0 1
271 369 162
345 369 162
1
0 1
2039 2047 75
2039 2047 75
1
0 1
933 1085 345
1085 1085 345
1
0 1
933 1085 513
1085 1085 513
1
0 1
1853 2305 1467
1925 2305 1467
1
0 1
256 384 173
384 384 173
1
0 1
1778 2687 1358
2687 2687 1358
1
0 1
1489 2687 1358
2687 2687 1358
1
0 1
93 127 63
127 127 63
1
0 1
833 929 508
927 929 508
1
0 1
288 479 210
475 479 210
1
0 1
1074 1489 742
1100 1489 742
1
0 1
603 1360 519
603 1360 519
1
0 1
5 337 44
337 337 44
1
0 1
836 858 33
836 858 33
1
0 1
239 256 25
239 256 25
1
0 1
239 256 25
239 256 25
1
0 1
192 1535 767
1535 1535 767
1
0 1
2509 2575 306
2525 2575 306
1
0 1
3 60 22
60 60 22
1
0 1
215 385 190
385 385 190
1
0 1
269 385 258
269 385 258
1
0 1
72 88 22
88 88 22
1
0 1
113 323 129
323 323 129
1
0 1
2768 3705 1358
2776 3705 1358
1
0 1
243 447 271
447 447 271
1
0 1
1425 2289 584
2289 2289 584
0
